,Time,DriverNumber,LapTime,LapNumber,Stint,PitOutTime,PitInTime,Sector1Time,Sector2Time,Sector3Time,Sector1SessionTime,Sector2SessionTime,Sector3SessionTime,SpeedI1,SpeedI2,SpeedFL,SpeedST,Compound,TyreLife,FreshTyre,LapStartTime,Team,Driver,TrackStatus,IsAccurate,LapStartDate
0,01:04:26,4,,1,1,00:21:52,,,00:00:35,00:00:29,,01:03:56,01:04:26,242.0,276.0,166.0,287.0,MEDIUM,1.0,True,01:02:41,McLaren,NOR,1,False,2021-09-26 12:03:43.826
1,01:06:08,4,00:01:42,2,1,,,00:00:36,00:00:35,00:00:29,01:05:03,01:05:38,01:06:08,,279.0,164.0,278.0,MEDIUM,2.0,True,01:04:26,McLaren,NOR,2,True,2021-09-26 12:05:28.306
2,01:07:50,4,00:01:41,3,1,,,00:00:36,00:00:35,00:00:29,01:06:45,01:07:20,01:07:50,243.0,278.0,158.0,281.0,MEDIUM,3.0,True,01:06:08,McLaren,NOR,1,True,2021-09-26 12:07:10.510
3,01:09:32,4,00:01:41,4,1,,,00:00:36,00:00:35,00:00:29,01:08:26,01:09:02,01:09:32,249.0,280.0,158.0,286.0,MEDIUM,4.0,True,01:07:50,McLaren,NOR,1,True,2021-09-26 12:08:52.207
4,01:11:13,4,00:01:41,5,1,,,00:00:36,00:00:35,00:00:29,01:10:08,01:10:43,01:11:13,250.0,281.0,160.0,,MEDIUM,5.0,True,01:09:32,McLaren,NOR,1,True,2021-09-26 12:10:34.047
5,01:12:55,4,00:01:41,6,1,,,00:00:36,00:00:35,00:00:30,01:11:50,01:12:25,01:12:55,243.0,280.0,157.0,284.0,MEDIUM,6.0,True,01:11:13,McLaren,NOR,1,True,2021-09-26 12:12:15.786
6,01:14:37,4,00:01:41,7,1,,,00:00:36,00:00:35,00:00:29,01:13:32,01:14:07,01:14:37,248.0,281.0,157.0,283.0,MEDIUM,7.0,True,01:12:55,McLaren,NOR,1,True,2021-09-26 12:13:57.669
7,01:16:19,4,00:01:41,8,1,,,00:00:36,00:00:35,00:00:30,01:15:13,01:15:49,01:16:19,242.0,284.0,157.0,284.0,MEDIUM,8.0,True,01:14:37,McLaren,NOR,1,True,2021-09-26 12:15:39.473
8,01:18:01,4,00:01:42,9,1,,,00:00:36,00:00:34,00:00:30,01:16:56,01:17:31,01:18:01,246.0,308.0,158.0,276.0,MEDIUM,9.0,True,01:16:19,McLaren,NOR,1,True,2021-09-26 12:17:21.228
9,01:19:43,4,00:01:42,10,1,,,00:00:36,00:00:34,00:00:30,01:18:38,01:19:13,01:19:43,242.0,309.0,155.0,296.0,MEDIUM,10.0,True,01:18:01,McLaren,NOR,1,True,2021-09-26 12:19:03.430
10,01:21:27,4,00:01:43,11,1,,,00:00:36,00:00:36,00:00:30,01:20:20,01:20:56,01:21:27,239.0,280.0,154.0,319.0,MEDIUM,11.0,True,01:19:43,McLaren,NOR,1,True,2021-09-26 12:20:45.708
11,01:23:09,4,00:01:42,12,1,,,00:00:36,00:00:35,00:00:30,01:22:04,01:22:39,01:23:09,247.0,280.0,160.0,278.0,MEDIUM,12.0,True,01:21:27,McLaren,NOR,1,True,2021-09-26 12:22:29.161
12,01:24:50,4,00:01:41,13,1,,,00:00:36,00:00:34,00:00:29,01:23:46,01:24:21,01:24:50,248.0,317.0,162.0,281.0,MEDIUM,13.0,True,01:23:09,McLaren,NOR,1,True,2021-09-26 12:24:11.719
13,01:26:32,4,00:01:41,14,1,,,00:00:36,00:00:35,00:00:29,01:25:27,01:26:02,01:26:32,250.0,275.0,153.0,279.0,MEDIUM,14.0,True,01:24:50,McLaren,NOR,1,True,2021-09-26 12:25:52.861
14,01:28:13,4,00:01:41,15,1,,,00:00:36,00:00:35,00:00:29,01:27:09,01:27:44,01:28:13,253.0,278.0,159.0,280.0,MEDIUM,15.0,True,01:26:32,McLaren,NOR,1,True,2021-09-26 12:27:34.392
15,01:29:55,4,00:01:41,16,1,,,00:00:36,00:00:35,00:00:29,01:28:50,01:29:25,01:29:55,,276.0,158.0,279.0,MEDIUM,16.0,True,01:28:13,McLaren,NOR,1,True,2021-09-26 12:29:15.753
16,01:31:35,4,00:01:40,17,1,,,00:00:36,00:00:35,00:00:29,01:30:31,01:31:06,01:31:35,254.0,276.0,160.0,280.0,MEDIUM,17.0,True,01:29:55,McLaren,NOR,1,True,2021-09-26 12:30:56.928
17,01:33:16,4,00:01:40,18,1,,,00:00:36,00:00:35,00:00:29,01:32:12,01:32:47,01:33:16,251.0,276.0,157.0,281.0,MEDIUM,18.0,True,01:31:35,McLaren,NOR,1,True,2021-09-26 12:32:37.757
18,01:34:57,4,00:01:40,19,1,,,00:00:36,00:00:35,00:00:29,01:33:53,01:34:28,01:34:57,252.0,275.0,161.0,278.0,MEDIUM,19.0,True,01:33:16,McLaren,NOR,1,True,2021-09-26 12:34:18.620
19,01:36:38,4,00:01:40,20,1,,,00:00:36,00:00:34,00:00:29,01:35:34,01:36:08,01:36:38,,275.0,156.0,276.0,MEDIUM,20.0,True,01:34:57,McLaren,NOR,1,True,2021-09-26 12:35:59.469
20,01:38:19,4,00:01:40,21,1,,,00:00:36,00:00:34,00:00:29,01:37:14,01:37:49,01:38:19,251.0,277.0,159.0,280.0,MEDIUM,21.0,True,01:36:38,McLaren,NOR,1,True,2021-09-26 12:37:40.335
21,01:40:00,4,00:01:40,22,1,,,00:00:36,00:00:34,00:00:29,01:38:55,01:39:30,01:40:00,254.0,277.0,160.0,278.0,MEDIUM,22.0,True,01:38:19,McLaren,NOR,1,True,2021-09-26 12:39:21.024
22,01:41:40,4,00:01:40,23,1,,,00:00:36,00:00:35,00:00:29,01:40:36,01:41:11,01:41:40,252.0,277.0,158.0,282.0,MEDIUM,23.0,True,01:40:00,McLaren,NOR,1,True,2021-09-26 12:41:01.930
23,01:43:21,4,00:01:40,24,1,,,00:00:36,00:00:34,00:00:29,01:42:17,01:42:52,01:43:21,254.0,278.0,161.0,283.0,MEDIUM,24.0,True,01:41:40,McLaren,NOR,1,True,2021-09-26 12:42:42.718
24,01:45:02,4,00:01:41,25,1,,,00:00:36,00:00:35,00:00:29,01:43:57,01:44:32,01:45:02,250.0,275.0,155.0,,MEDIUM,25.0,True,01:43:21,McLaren,NOR,1,True,2021-09-26 12:44:23.356
25,01:46:43,4,00:01:41,26,1,,,00:00:36,00:00:35,00:00:29,01:45:39,01:46:14,01:46:43,252.0,278.0,161.0,282.0,MEDIUM,26.0,True,01:45:02,McLaren,NOR,1,True,2021-09-26 12:46:04.413
26,01:48:24,4,00:01:40,27,1,,,00:00:36,00:00:35,00:00:29,01:47:19,01:47:55,01:48:24,253.0,278.0,160.0,283.0,MEDIUM,27.0,True,01:46:43,McLaren,NOR,1,True,2021-09-26 12:47:45.531
27,01:50:10,4,00:01:45,28,1,,01:50:02,00:00:36,00:00:35,00:00:34,01:49:00,01:49:36,01:50:10,248.0,278.0,,,MEDIUM,28.0,True,01:48:24,McLaren,NOR,1,False,2021-09-26 12:49:26.464
28,01:52:09,4,00:01:59,29,2,01:50:31,,00:00:56,00:00:34,00:00:28,01:51:06,01:51:41,01:52:09,251.0,280.0,171.0,292.0,HARD,,True,01:50:10,McLaren,NOR,1,False,2021-09-26 12:51:12.086
29,01:53:48,4,00:01:38,30,2,,,00:00:35,00:00:34,00:00:28,01:52:45,01:53:19,01:53:48,256.0,280.0,168.0,277.0,HARD,,True,01:52:09,McLaren,NOR,1,True,2021-09-26 12:53:11.525
30,01:55:27,4,00:01:38,31,2,,,00:00:35,00:00:34,00:00:28,01:54:24,01:54:58,01:55:27,251.0,281.0,166.0,281.0,HARD,,True,01:53:48,McLaren,NOR,1,True,2021-09-26 12:54:50.167
31,01:57:05,4,00:01:38,32,2,,,00:00:35,00:00:34,00:00:28,01:56:02,01:56:37,01:57:05,250.0,284.0,166.0,275.0,HARD,,True,01:55:27,McLaren,NOR,1,True,2021-09-26 12:56:29.056
32,01:58:45,4,00:01:39,33,2,,,00:00:35,00:00:34,00:00:29,01:57:41,01:58:16,01:58:45,248.0,283.0,167.0,277.0,HARD,,True,01:57:05,McLaren,NOR,1,True,2021-09-26 12:58:07.844
33,02:00:24,4,00:01:38,34,2,,,00:00:35,00:00:34,00:00:28,01:59:20,01:59:55,02:00:24,249.0,280.0,165.0,329.0,HARD,,True,01:58:45,McLaren,NOR,1,True,2021-09-26 12:59:47.302
34,02:02:02,4,00:01:38,35,2,,,00:00:35,00:00:34,00:00:28,02:00:59,02:01:34,02:02:02,253.0,281.0,163.0,276.0,HARD,,True,02:00:24,McLaren,NOR,1,True,2021-09-26 13:01:25.951
35,02:03:41,4,00:01:39,36,2,,,00:00:35,00:00:33,00:00:29,02:02:38,02:03:12,02:03:41,246.0,293.0,164.0,,HARD,,True,02:02:02,McLaren,NOR,1,True,2021-09-26 13:03:04.748
36,02:05:20,4,00:01:38,37,2,,,00:00:35,00:00:34,00:00:28,02:04:17,02:04:52,02:05:20,252.0,276.0,167.0,270.0,HARD,,True,02:03:41,McLaren,NOR,1,True,2021-09-26 13:04:43.822
37,02:06:58,4,00:01:38,38,2,,,00:00:35,00:00:33,00:00:28,02:05:56,02:06:30,02:06:58,257.0,280.0,166.0,281.0,HARD,,True,02:05:20,McLaren,NOR,1,True,2021-09-26 13:06:22.732
38,02:08:36,4,00:01:37,39,2,,,00:00:35,00:00:33,00:00:28,02:07:34,02:08:08,02:08:36,258.0,301.0,168.0,288.0,HARD,,True,02:06:58,McLaren,NOR,1,True,2021-09-26 13:08:00.850
39,02:10:14,4,00:01:37,40,2,,,00:00:35,00:00:33,00:00:28,02:09:11,02:09:45,02:10:14,,278.0,168.0,280.0,HARD,,True,02:08:36,McLaren,NOR,1,True,2021-09-26 13:09:38.273
40,02:11:52,4,00:01:37,41,2,,,00:00:35,00:00:33,00:00:28,02:10:49,02:11:23,02:11:52,,278.0,168.0,281.0,HARD,,True,02:10:14,McLaren,NOR,1,True,2021-09-26 13:11:16.107
41,,4,00:01:37,42,2,,,00:00:35,00:00:34,00:00:28,02:12:27,02:13:01,,257.0,277.0,168.0,,HARD,,True,02:11:52,McLaren,NOR,1,True,2021-09-26 13:12:54.020
42,02:15:07,4,00:01:37,43,2,,,00:00:35,00:00:33,00:00:28,02:14:05,02:14:39,02:15:07,256.0,280.0,169.0,280.0,HARD,,True,,McLaren,NOR,1,True,2021-09-26 13:14:31.893
43,02:16:45,4,00:01:37,44,2,,,00:00:35,00:00:33,00:00:28,02:15:43,02:16:17,02:16:45,,280.0,167.0,282.0,HARD,,True,02:15:07,McLaren,NOR,1,True,2021-09-26 13:16:09.648
44,02:18:23,4,00:01:38,45,2,,,00:00:35,00:00:34,00:00:28,02:17:21,02:17:55,02:18:23,253.0,278.0,168.0,,HARD,,True,02:16:45,McLaren,NOR,1,True,2021-09-26 13:17:47.488
45,02:20:02,4,00:01:39,46,2,,,00:00:35,00:00:34,00:00:28,02:18:59,02:19:34,02:20:02,249.0,280.0,167.0,281.0,HARD,,True,02:18:23,McLaren,NOR,1,True,2021-09-26 13:19:25.555
46,02:21:45,4,00:01:42,47,2,,,00:00:36,00:00:37,00:00:28,02:20:38,02:21:16,02:21:45,235.0,282.0,166.0,283.0,HARD,,True,02:20:02,McLaren,NOR,1,True,2021-09-26 13:21:04.675
47,02:23:40,4,00:01:54,48,2,,,00:00:37,00:00:44,00:00:32,02:22:22,02:23:07,02:23:40,211.0,277.0,163.0,280.0,HARD,,True,02:21:45,McLaren,NOR,2,True,2021-09-26 13:22:47.458
48,02:25:32,4,00:01:52,49,2,,,00:00:37,00:00:43,00:00:31,02:24:17,02:25:01,02:25:32,198.0,288.0,146.0,288.0,HARD,,True,02:23:40,McLaren,NOR,2,True,2021-09-26 13:24:42.097
49,02:27:30,4,00:01:57,50,2,,,00:00:37,00:00:45,00:00:34,02:26:10,02:26:56,02:27:30,187.0,292.0,113.0,286.0,HARD,,True,02:25:32,McLaren,NOR,1,True,2021-09-26 13:26:34.882
50,02:30:41,4,,51,2,,02:30:31,00:00:52,00:01:19,00:00:58,02:28:23,02:29:42,02:30:41,134.0,187.0,,246.0,HARD,,True,02:27:30,McLaren,NOR,2,False,2021-09-26 13:28:32.384
51,02:32:57,4,00:02:16,52,3,02:31:04,,00:01:02,00:00:39,00:00:34,02:31:43,02:32:23,02:32:57,210.0,299.0,148.0,247.0,INTERMEDIATE,6.0,False,02:30:41,McLaren,NOR,1,False,2021-09-26 13:31:43.481
52,02:34:50,4,00:01:52,53,3,,,00:00:38,00:00:39,00:00:34,02:33:36,02:34:16,02:34:50,220.0,296.0,146.0,291.0,INTERMEDIATE,7.0,False,02:32:57,McLaren,NOR,1,True,2021-09-26 13:33:59.858
53,01:04:25,55,,1,1,00:26:23,,,00:00:35,00:00:29,,01:03:55,01:04:25,248.0,279.0,161.0,298.0,MEDIUM,1.0,True,01:02:41,Ferrari,SAI,1,False,2021-09-26 12:03:43.826
54,01:06:07,55,00:01:42,2,1,,,00:00:36,00:00:35,00:00:29,01:05:02,01:05:37,01:06:07,245.0,279.0,163.0,273.0,MEDIUM,2.0,True,01:04:25,Ferrari,SAI,2,True,2021-09-26 12:05:27.044
55,01:07:48,55,00:01:41,3,1,,,00:00:36,00:00:35,00:00:29,01:06:43,01:07:19,01:07:48,,279.0,159.0,280.0,MEDIUM,3.0,True,01:06:07,Ferrari,SAI,1,True,2021-09-26 12:07:09.120
56,01:09:30,55,00:01:41,4,1,,,00:00:36,00:00:35,00:00:29,01:08:25,01:09:00,01:09:30,243.0,279.0,160.0,281.0,MEDIUM,4.0,True,01:07:48,Ferrari,SAI,1,True,2021-09-26 12:08:50.788
57,01:11:11,55,00:01:41,5,1,,,00:00:36,00:00:35,00:00:29,01:10:07,01:10:42,01:11:11,,280.0,162.0,,MEDIUM,5.0,True,01:09:30,Ferrari,SAI,1,True,2021-09-26 12:10:32.321
58,01:12:53,55,00:01:41,6,1,,,00:00:36,00:00:35,00:00:29,01:11:48,01:12:23,01:12:53,239.0,281.0,163.0,275.0,MEDIUM,6.0,True,01:11:11,Ferrari,SAI,1,True,2021-09-26 12:12:13.717
59,01:14:35,55,00:01:42,7,1,,,00:00:36,00:00:35,00:00:29,01:13:30,01:14:05,01:14:35,235.0,280.0,160.0,269.0,MEDIUM,7.0,True,01:12:53,Ferrari,SAI,1,True,2021-09-26 12:13:55.451
60,01:16:18,55,00:01:42,8,1,,,00:00:36,00:00:35,00:00:29,01:15:12,01:15:48,01:16:18,,282.0,161.0,271.0,MEDIUM,8.0,True,01:14:35,Ferrari,SAI,1,True,2021-09-26 12:15:37.742
61,01:18:00,55,00:01:42,9,1,,,00:00:37,00:00:35,00:00:29,01:16:55,01:17:30,01:18:00,243.0,283.0,161.0,265.0,MEDIUM,9.0,True,01:16:18,Ferrari,SAI,1,True,2021-09-26 12:17:20.186
62,01:19:43,55,00:01:42,10,1,,,00:00:36,00:00:35,00:00:30,01:18:37,01:19:12,01:19:43,253.0,281.0,159.0,293.0,MEDIUM,10.0,True,01:18:00,Ferrari,SAI,1,True,2021-09-26 12:19:02.612
63,01:21:25,55,00:01:42,11,1,,,00:00:37,00:00:35,00:00:29,01:20:20,01:20:55,01:21:25,249.0,278.0,161.0,292.0,MEDIUM,11.0,True,01:19:43,Ferrari,SAI,1,True,2021-09-26 12:20:44.948
64,01:23:08,55,00:01:42,12,1,,,00:00:36,00:00:35,00:00:30,01:22:02,01:22:38,01:23:08,236.0,277.0,161.0,267.0,MEDIUM,12.0,True,01:21:25,Ferrari,SAI,1,True,2021-09-26 12:22:27.514
65,01:24:52,55,00:01:43,13,1,,,00:00:37,00:00:35,00:00:31,01:23:45,01:24:21,01:24:52,243.0,286.0,150.0,268.0,MEDIUM,13.0,True,01:23:08,Ferrari,SAI,1,True,2021-09-26 12:24:10.324
66,01:26:40,55,00:01:48,14,1,,01:26:32,00:00:36,00:00:36,00:00:35,01:25:29,01:26:05,01:26:40,238.0,281.0,,274.0,MEDIUM,14.0,True,01:24:52,Ferrari,SAI,1,False,2021-09-26 12:25:54.195
67,01:28:42,55,00:02:01,15,2,01:27:03,,00:00:57,,00:00:29,01:27:38,01:28:13,01:28:42,243.0,286.0,167.0,294.0,HARD,1.0,True,01:26:40,Ferrari,SAI,1,False,2021-09-26 12:27:42.418
68,01:30:23,55,00:01:40,16,2,,,00:00:36,00:00:34,00:00:29,01:29:18,01:29:53,01:30:23,235.0,285.0,165.0,273.0,HARD,2.0,True,01:28:42,Ferrari,SAI,1,True,2021-09-26 12:29:44.386
69,01:32:04,55,00:01:41,17,2,,,00:00:36,00:00:35,00:00:29,01:30:59,01:31:34,01:32:04,228.0,286.0,167.0,,HARD,3.0,True,01:30:23,Ferrari,SAI,1,True,2021-09-26 12:31:25.246
70,01:33:45,55,00:01:40,18,2,,,00:00:36,00:00:34,00:00:29,01:32:40,01:33:15,01:33:45,242.0,288.0,165.0,277.0,HARD,4.0,True,01:32:04,Ferrari,SAI,1,True,2021-09-26 12:33:06.364
71,01:35:25,55,00:01:40,19,2,,,00:00:36,00:00:34,00:00:29,01:34:21,01:34:56,01:35:25,237.0,290.0,164.0,278.0,HARD,5.0,True,01:33:45,Ferrari,SAI,1,True,2021-09-26 12:34:47.041
72,01:37:06,55,00:01:40,20,2,,,00:00:36,00:00:35,00:00:29,01:36:02,01:36:37,01:37:06,234.0,289.0,163.0,279.0,HARD,6.0,True,01:35:25,Ferrari,SAI,1,True,2021-09-26 12:36:27.838
73,01:38:48,55,00:01:41,21,2,,,00:00:36,00:00:35,00:00:29,01:37:43,01:38:18,01:38:48,232.0,294.0,162.0,278.0,HARD,7.0,True,01:37:06,Ferrari,SAI,1,True,2021-09-26 12:38:08.779
74,01:40:29,55,00:01:41,22,2,,,00:00:36,00:00:35,00:00:29,01:39:24,01:39:59,01:40:29,235.0,293.0,162.0,283.0,HARD,8.0,True,01:38:48,Ferrari,SAI,1,True,2021-09-26 12:39:50.021
75,01:42:10,55,00:01:41,23,2,,,00:00:36,00:00:35,00:00:29,01:41:05,01:41:40,01:42:10,236.0,301.0,163.0,293.0,HARD,9.0,True,01:40:29,Ferrari,SAI,1,True,2021-09-26 12:41:31.260
76,01:43:52,55,00:01:41,24,2,,,00:00:36,00:00:35,00:00:30,01:42:46,01:43:21,01:43:52,237.0,299.0,160.0,296.0,HARD,10.0,True,01:42:10,Ferrari,SAI,1,True,2021-09-26 12:43:12.532
77,01:45:33,55,00:01:41,25,2,,,00:00:36,00:00:35,00:00:29,01:44:28,01:45:03,01:45:33,236.0,295.0,163.0,287.0,HARD,11.0,True,01:43:52,Ferrari,SAI,1,True,2021-09-26 12:44:53.935
78,01:47:14,55,00:01:41,26,2,,,00:00:36,00:00:34,00:00:30,01:46:09,01:46:44,01:47:14,241.0,313.0,162.0,292.0,HARD,12.0,True,01:45:33,Ferrari,SAI,1,True,2021-09-26 12:46:35.337
79,01:48:55,55,00:01:40,27,2,,,00:00:35,00:00:34,00:00:30,01:47:50,01:48:25,01:48:55,251.0,312.0,160.0,322.0,HARD,13.0,True,01:47:14,Ferrari,SAI,1,True,2021-09-26 12:48:16.693
80,01:50:36,55,00:01:40,28,2,,,00:00:36,00:00:34,00:00:30,01:49:31,01:50:06,01:50:36,248.0,313.0,162.0,289.0,HARD,14.0,True,01:48:55,Ferrari,SAI,1,True,2021-09-26 12:49:57.440
81,01:52:17,55,00:01:41,29,2,,,00:00:36,00:00:34,00:00:30,01:51:12,01:51:47,01:52:17,239.0,319.0,159.0,316.0,HARD,15.0,True,01:50:36,Ferrari,SAI,1,True,2021-09-26 12:51:38.232
82,01:53:59,55,00:01:41,30,2,,,00:00:36,00:00:34,00:00:30,01:52:54,01:53:29,01:53:59,235.0,304.0,163.0,305.0,HARD,16.0,True,01:52:17,Ferrari,SAI,1,True,2021-09-26 12:53:19.560
83,01:55:40,55,00:01:41,31,2,,,00:00:36,00:00:34,00:00:30,01:54:35,01:55:09,01:55:40,247.0,318.0,160.0,284.0,HARD,17.0,True,01:53:59,Ferrari,SAI,1,True,2021-09-26 12:55:01.206
84,01:57:22,55,00:01:41,32,2,,,00:00:35,00:00:34,00:00:30,01:56:16,01:56:51,01:57:22,248.0,314.0,158.0,294.0,HARD,18.0,True,01:55:40,Ferrari,SAI,1,True,2021-09-26 12:56:42.590
85,01:59:03,55,00:01:41,33,2,,,00:00:36,00:00:34,00:00:30,01:57:58,01:58:33,01:59:03,244.0,312.0,169.0,302.0,HARD,19.0,True,01:57:22,Ferrari,SAI,1,True,2021-09-26 12:58:24.078
86,02:00:43,55,00:01:40,34,2,,,00:00:36,00:00:34,00:00:29,01:59:39,02:00:14,02:00:43,252.0,279.0,167.0,297.0,HARD,20.0,True,01:59:03,Ferrari,SAI,1,True,2021-09-26 13:00:05.410
87,02:02:23,55,00:01:39,35,2,,,00:00:36,00:00:34,00:00:28,02:01:19,02:01:54,02:02:23,254.0,279.0,167.0,285.0,HARD,21.0,True,02:00:43,Ferrari,SAI,1,True,2021-09-26 13:01:45.463
88,02:04:03,55,00:01:39,36,2,,,00:00:36,00:00:34,00:00:29,02:02:59,02:03:33,02:04:03,251.0,279.0,165.0,284.0,HARD,22.0,True,02:02:23,Ferrari,SAI,1,True,2021-09-26 13:03:25.020
89,02:05:42,55,00:01:39,37,2,,,00:00:36,00:00:34,00:00:28,02:04:39,02:05:13,02:05:42,257.0,287.0,166.0,293.0,HARD,23.0,True,02:04:03,Ferrari,SAI,1,True,2021-09-26 13:05:04.920
90,02:07:22,55,00:01:39,38,2,,,00:00:36,00:00:34,00:00:29,02:06:18,02:06:52,02:07:22,,288.0,165.0,291.0,HARD,24.0,True,02:05:42,Ferrari,SAI,1,True,2021-09-26 13:06:44.311
91,02:09:01,55,00:01:39,39,2,,,00:00:36,00:00:34,00:00:29,02:07:58,02:08:32,02:09:01,258.0,285.0,167.0,288.0,HARD,25.0,True,02:07:22,Ferrari,SAI,1,True,2021-09-26 13:08:23.957
92,02:10:40,55,00:01:39,40,2,,,00:00:36,00:00:34,00:00:28,02:09:37,02:10:11,02:10:40,,286.0,163.0,290.0,HARD,26.0,True,02:09:01,Ferrari,SAI,1,True,2021-09-26 13:10:03.403
93,02:12:20,55,00:01:39,41,2,,,00:00:36,00:00:34,00:00:28,02:11:16,02:11:51,02:12:20,260.0,287.0,162.0,291.0,HARD,27.0,True,02:10:40,Ferrari,SAI,1,True,2021-09-26 13:11:42.697
94,02:14:00,55,00:01:39,42,2,,,00:00:36,00:00:34,00:00:28,02:12:56,02:13:31,02:14:00,256.0,289.0,164.0,,HARD,28.0,True,02:12:20,Ferrari,SAI,1,True,2021-09-26 13:13:22.362
95,02:15:39,55,00:01:39,43,2,,,00:00:36,00:00:34,00:00:29,02:14:36,02:15:10,02:15:39,260.0,291.0,165.0,292.0,HARD,29.0,True,02:14:00,Ferrari,SAI,1,True,2021-09-26 13:15:02.087
96,02:17:19,55,00:01:39,44,2,,,00:00:36,00:00:34,00:00:29,02:16:15,02:16:50,02:17:19,256.0,289.0,164.0,291.0,HARD,30.0,True,02:15:39,Ferrari,SAI,1,True,2021-09-26 13:16:41.615
97,02:18:59,55,00:01:40,45,2,,,00:00:35,00:00:35,00:00:29,02:17:55,02:18:30,02:18:59,252.0,287.0,165.0,295.0,HARD,31.0,True,02:17:19,Ferrari,SAI,1,True,2021-09-26 13:18:21.167
98,02:20:39,55,00:01:40,46,2,,,00:00:36,00:00:35,00:00:28,02:19:35,02:20:11,02:20:39,251.0,289.0,166.0,289.0,HARD,32.0,True,02:18:59,Ferrari,SAI,1,True,2021-09-26 13:20:01.172
99,02:22:28,55,00:01:48,47,2,,,00:00:37,00:00:40,00:00:30,02:21:17,02:21:57,02:22:28,219.0,290.0,163.0,288.0,HARD,33.0,True,02:20:39,Ferrari,SAI,2,True,2021-09-26 13:21:41.875
100,02:24:41,55,00:02:12,48,2,,02:24:32,00:00:41,00:00:48,00:00:42,02:23:09,02:23:58,02:24:41,198.0,288.0,,252.0,HARD,34.0,True,02:22:28,Ferrari,SAI,2,False,2021-09-26 13:23:30.121
101,02:26:51,55,00:02:10,49,3,02:25:03,,00:00:58,00:00:38,00:00:33,02:25:39,02:26:18,02:26:51,225.0,294.0,147.0,287.0,INTERMEDIATE,7.0,False,02:24:41,Ferrari,SAI,1,False,2021-09-26 13:25:42.991
102,02:28:44,55,00:01:53,50,3,,,00:00:39,00:00:40,00:00:33,02:27:31,02:28:11,02:28:44,204.0,294.0,142.0,269.0,INTERMEDIATE,8.0,False,02:26:51,Ferrari,SAI,2,True,2021-09-26 13:27:53.400
103,02:30:38,55,00:01:53,51,3,,,00:00:39,00:00:39,00:00:34,02:29:24,02:30:04,02:30:38,211.0,290.0,143.0,270.0,INTERMEDIATE,9.0,False,02:28:44,Ferrari,SAI,2,True,2021-09-26 13:29:46.685
104,02:32:32,55,00:01:53,52,3,,,00:00:39,00:00:39,00:00:34,02:31:17,02:31:57,02:32:32,216.0,294.0,143.0,274.0,INTERMEDIATE,10.0,False,02:30:38,Ferrari,SAI,1,True,2021-09-26 13:31:40.317
105,02:34:25,55,00:01:53,53,3,,,00:00:39,00:00:39,00:00:34,02:33:11,02:33:51,02:34:25,213.0,297.0,141.0,276.0,INTERMEDIATE,11.0,False,02:32:32,Ferrari,SAI,1,True,2021-09-26 13:33:34.037
106,01:04:28,63,,1,1,00:20:43,,,00:00:36,00:00:30,,01:03:58,01:04:28,232.0,287.0,164.0,293.0,MEDIUM,1.0,True,01:02:41,Williams,RUS,1,False,2021-09-26 12:03:43.826
107,01:06:11,63,00:01:42,2,1,,,00:00:36,00:00:35,00:00:30,01:05:05,01:05:40,01:06:11,243.0,286.0,163.0,290.0,MEDIUM,2.0,True,01:04:28,Williams,RUS,2,True,2021-09-26 12:05:30.362
108,01:07:54,63,00:01:42,3,1,,,00:00:36,00:00:35,00:00:30,01:06:47,01:07:23,01:07:54,247.0,285.0,161.0,297.0,MEDIUM,3.0,True,01:06:11,Williams,RUS,1,True,2021-09-26 12:07:13.157
109,01:09:36,63,00:01:42,4,1,,,00:00:36,00:00:35,00:00:30,01:08:30,01:09:06,01:09:36,244.0,294.0,160.0,302.0,MEDIUM,4.0,True,01:07:54,Williams,RUS,1,True,2021-09-26 12:08:56.039
110,01:11:19,63,00:01:42,5,1,,,00:00:36,00:00:35,00:00:30,01:10:13,01:10:49,01:11:19,243.0,287.0,161.0,297.0,MEDIUM,5.0,True,01:09:36,Williams,RUS,1,True,2021-09-26 12:10:38.829
111,01:13:01,63,00:01:42,6,1,,,00:00:36,00:00:35,00:00:30,01:11:56,01:12:31,01:13:01,247.0,290.0,161.0,301.0,MEDIUM,6.0,True,01:11:19,Williams,RUS,1,True,2021-09-26 12:12:21.486
112,01:14:43,63,00:01:42,7,1,,,00:00:36,00:00:35,00:00:30,01:13:38,01:14:13,01:14:43,246.0,285.0,159.0,296.0,MEDIUM,7.0,True,01:13:01,Williams,RUS,1,True,2021-09-26 12:14:03.748
113,01:16:25,63,00:01:42,8,1,,,00:00:36,00:00:35,00:00:30,01:15:20,01:15:55,01:16:25,248.0,285.0,160.0,297.0,MEDIUM,8.0,True,01:14:43,Williams,RUS,1,True,2021-09-26 12:15:45.754
114,01:18:07,63,00:01:42,9,1,,,00:00:36,00:00:35,00:00:30,01:17:02,01:17:37,01:18:07,,286.0,159.0,,MEDIUM,9.0,True,01:16:25,Williams,RUS,1,True,2021-09-26 12:17:27.797
115,01:19:50,63,00:01:42,10,1,,,00:00:36,00:00:35,00:00:30,01:18:44,01:19:19,01:19:50,241.0,286.0,159.0,293.0,MEDIUM,10.0,True,01:18:07,Williams,RUS,1,True,2021-09-26 12:19:09.872
116,01:21:32,63,00:01:42,11,1,,,00:00:36,00:00:35,00:00:30,01:20:26,01:21:02,01:21:32,244.0,294.0,161.0,,MEDIUM,11.0,True,01:19:50,Williams,RUS,1,True,2021-09-26 12:20:52.069
117,01:23:14,63,00:01:42,12,1,,,00:00:36,00:00:35,00:00:30,01:22:08,01:22:44,01:23:14,242.0,287.0,162.0,295.0,MEDIUM,12.0,True,01:21:32,Williams,RUS,1,True,2021-09-26 12:22:34.329
118,01:25:01,63,00:01:46,13,1,,01:24:53,00:00:36,00:00:35,00:00:34,01:23:50,01:24:26,01:25:01,247.0,286.0,,302.0,MEDIUM,13.0,True,01:23:14,Williams,RUS,1,False,2021-09-26 12:24:16.610
119,01:27:04,63,00:02:02,14,2,01:25:24,,00:00:57,00:00:34,00:00:29,01:25:59,01:26:34,01:27:04,248.0,294.0,166.0,296.0,HARD,1.0,True,01:25:01,Williams,RUS,1,False,2021-09-26 12:26:03.465
120,01:28:45,63,00:01:41,15,2,,,00:00:36,00:00:35,00:00:30,01:27:40,01:28:15,01:28:45,244.0,295.0,165.0,,HARD,2.0,True,01:27:04,Williams,RUS,1,True,2021-09-26 12:28:06.014
121,01:30:27,63,00:01:41,16,2,,,00:00:36,00:00:35,00:00:29,01:29:22,01:29:57,01:30:27,249.0,293.0,164.0,301.0,HARD,3.0,True,01:28:45,Williams,RUS,1,True,2021-09-26 12:29:47.782
122,01:32:08,63,00:01:41,17,2,,,00:00:36,00:00:35,00:00:30,01:31:03,01:31:38,01:32:08,250.0,296.0,162.0,303.0,HARD,4.0,True,01:30:27,Williams,RUS,1,True,2021-09-26 12:31:29.128
123,01:33:50,63,00:01:41,18,2,,,00:00:36,00:00:35,00:00:30,01:32:44,01:33:19,01:33:50,249.0,293.0,158.0,304.0,HARD,5.0,True,01:32:08,Williams,RUS,1,True,2021-09-26 12:33:10.505
124,01:35:31,63,00:01:41,19,2,,,00:00:36,00:00:35,00:00:30,01:34:26,01:35:01,01:35:31,245.0,289.0,165.0,300.0,HARD,6.0,True,01:33:50,Williams,RUS,1,True,2021-09-26 12:34:51.944
125,01:37:13,63,00:01:41,20,2,,,00:00:36,00:00:35,00:00:30,01:36:08,01:36:43,01:37:13,243.0,291.0,161.0,304.0,HARD,7.0,True,01:35:31,Williams,RUS,1,True,2021-09-26 12:36:33.859
126,01:38:54,63,00:01:41,21,2,,,00:00:36,00:00:35,00:00:30,01:37:49,01:38:24,01:38:54,244.0,293.0,166.0,303.0,HARD,8.0,True,01:37:13,Williams,RUS,1,True,2021-09-26 12:38:15.467
127,01:40:36,63,00:01:41,22,2,,,00:00:36,00:00:35,00:00:30,01:39:31,01:40:06,01:40:36,245.0,291.0,163.0,301.0,HARD,9.0,True,01:38:54,Williams,RUS,1,True,2021-09-26 12:39:56.672
128,01:42:18,63,00:01:41,23,2,,,00:00:36,00:00:35,00:00:30,01:41:12,01:41:47,01:42:18,248.0,293.0,162.0,,HARD,10.0,True,01:40:36,Williams,RUS,1,True,2021-09-26 12:41:38.286
129,01:43:59,63,00:01:41,24,2,,,00:00:36,00:00:35,00:00:30,01:42:54,01:43:29,01:43:59,,292.0,160.0,304.0,HARD,11.0,True,01:42:18,Williams,RUS,1,True,2021-09-26 12:43:19.918
130,01:45:40,63,00:01:41,25,2,,,00:00:36,00:00:35,00:00:30,01:44:35,01:45:10,01:45:40,247.0,289.0,164.0,300.0,HARD,12.0,True,01:43:59,Williams,RUS,1,True,2021-09-26 12:45:01.283
131,01:47:23,63,00:01:42,26,2,,,00:00:36,00:00:35,00:00:31,01:46:16,01:46:51,01:47:23,245.0,300.0,163.0,305.0,HARD,13.0,True,01:45:40,Williams,RUS,1,True,2021-09-26 12:46:42.655
132,01:49:04,63,00:01:41,27,2,,,00:00:36,00:00:35,00:00:30,01:47:59,01:48:34,01:49:04,244.0,293.0,164.0,307.0,HARD,14.0,True,01:47:23,Williams,RUS,1,True,2021-09-26 12:48:24.902
133,01:50:46,63,00:01:41,28,2,,,00:00:36,00:00:35,00:00:30,01:49:41,01:50:16,01:50:46,,299.0,165.0,292.0,HARD,15.0,True,01:49:04,Williams,RUS,1,True,2021-09-26 12:50:06.758
134,01:52:27,63,00:01:41,29,2,,,00:00:35,00:00:35,00:00:29,01:51:22,01:51:57,01:52:27,245.0,292.0,165.0,305.0,HARD,16.0,True,01:50:46,Williams,RUS,1,True,2021-09-26 12:51:48.612
135,01:54:08,63,00:01:40,30,2,,,00:00:35,00:00:35,00:00:29,01:53:03,01:53:38,01:54:08,247.0,291.0,164.0,303.0,HARD,17.0,True,01:52:27,Williams,RUS,1,True,2021-09-26 12:53:29.618
136,01:55:49,63,00:01:40,31,2,,,00:00:35,00:00:34,00:00:29,01:54:44,01:55:19,01:55:49,,291.0,163.0,300.0,HARD,18.0,True,01:54:08,Williams,RUS,1,True,2021-09-26 12:55:10.487
137,01:57:30,63,00:01:40,32,2,,,00:00:35,00:00:34,00:00:29,01:56:25,01:57:00,01:57:30,248.0,293.0,163.0,,HARD,19.0,True,01:55:49,Williams,RUS,1,True,2021-09-26 12:56:51.226
138,01:59:10,63,00:01:40,33,2,,,00:00:35,00:00:34,00:00:29,01:58:05,01:58:40,01:59:10,247.0,291.0,165.0,,HARD,20.0,True,01:57:30,Williams,RUS,1,True,2021-09-26 12:58:31.957
139,02:00:51,63,00:01:40,34,2,,,00:00:35,00:00:34,00:00:29,01:59:46,02:00:21,02:00:51,249.0,293.0,165.0,301.0,HARD,21.0,True,01:59:10,Williams,RUS,1,True,2021-09-26 13:00:12.642
140,02:02:32,63,00:01:40,35,2,,,00:00:36,00:00:34,00:00:29,02:01:27,02:02:02,02:02:32,251.0,291.0,166.0,303.0,HARD,22.0,True,02:00:51,Williams,RUS,1,True,2021-09-26 13:01:53.315
141,02:04:12,63,00:01:40,36,2,,,00:00:36,00:00:35,00:00:29,02:03:08,02:03:43,02:04:12,247.0,288.0,163.0,299.0,HARD,23.0,True,02:02:32,Williams,RUS,1,True,2021-09-26 13:03:34.042
142,02:05:53,63,00:01:40,37,2,,,00:00:35,00:00:34,00:00:29,02:04:48,02:05:23,02:05:53,251.0,292.0,160.0,,HARD,24.0,True,02:04:12,Williams,RUS,1,True,2021-09-26 13:05:14.831
143,02:07:34,63,00:01:40,38,2,,,00:00:36,00:00:34,00:00:29,02:06:29,02:07:04,02:07:34,246.0,292.0,161.0,301.0,HARD,25.0,True,02:05:53,Williams,RUS,1,True,2021-09-26 13:06:55.535
144,02:09:14,63,00:01:40,39,2,,,00:00:36,00:00:34,00:00:29,02:08:10,02:08:45,02:09:14,250.0,294.0,165.0,304.0,HARD,26.0,True,02:07:34,Williams,RUS,1,True,2021-09-26 13:08:36.134
145,02:10:55,63,00:01:40,40,2,,,00:00:35,00:00:34,00:00:29,02:09:50,02:10:25,02:10:55,243.0,294.0,162.0,301.0,HARD,27.0,True,02:09:14,Williams,RUS,1,True,2021-09-26 13:10:16.794
146,02:12:36,63,00:01:40,41,2,,,00:00:35,00:00:34,00:00:29,02:11:31,02:12:06,02:12:36,247.0,299.0,164.0,300.0,HARD,28.0,True,02:10:55,Williams,RUS,1,True,2021-09-26 13:11:57.390
147,02:14:18,63,00:01:42,42,2,,,00:00:36,00:00:35,00:00:30,02:13:12,02:13:48,02:14:18,238.0,294.0,163.0,305.0,HARD,29.0,True,02:12:36,Williams,RUS,1,True,2021-09-26 13:13:38.194
148,02:15:59,63,00:01:40,43,2,,,00:00:36,00:00:34,00:00:29,02:14:54,02:15:29,02:15:59,247.0,292.0,163.0,303.0,HARD,30.0,True,02:14:18,Williams,RUS,1,True,2021-09-26 13:15:20.402
149,02:17:40,63,00:01:41,44,2,,,00:00:36,00:00:35,00:00:29,02:16:35,02:17:10,02:17:40,250.0,293.0,163.0,294.0,HARD,31.0,True,02:15:59,Williams,RUS,1,True,2021-09-26 13:17:01.283
150,02:19:21,63,00:01:41,45,2,,,00:00:35,00:00:35,00:00:29,02:18:16,02:18:51,02:19:21,248.0,298.0,165.0,304.0,HARD,32.0,True,02:17:40,Williams,RUS,1,True,2021-09-26 13:18:42.385
151,02:21:04,63,00:01:43,46,2,,,00:00:36,00:00:36,00:00:30,02:19:57,02:20:33,02:21:04,228.0,291.0,163.0,301.0,HARD,33.0,True,02:19:21,Williams,RUS,1,True,2021-09-26 13:20:23.476
152,02:23:03,63,00:01:58,47,2,,02:22:55,00:00:37,00:00:43,00:00:37,02:21:42,02:22:26,02:23:03,199.0,277.0,,300.0,HARD,34.0,True,02:21:04,Williams,RUS,2,False,2021-09-26 13:22:06.670
153,02:25:15,63,00:02:12,48,3,02:23:27,,00:01:00,00:00:38,00:00:33,02:24:03,02:24:42,02:25:15,218.0,294.0,148.0,250.0,INTERMEDIATE,5.0,False,02:23:03,Williams,RUS,2,False,2021-09-26 13:24:05.322
154,02:27:10,63,00:01:54,49,3,,,00:00:38,00:00:39,00:00:36,02:25:54,02:26:34,02:27:10,217.0,290.0,143.0,288.0,INTERMEDIATE,6.0,False,02:25:15,Williams,RUS,1,True,2021-09-26 13:26:17.867
155,02:29:08,63,00:01:57,50,3,,,00:00:40,00:00:40,00:00:36,02:27:50,02:28:31,02:29:08,209.0,292.0,139.0,272.0,INTERMEDIATE,7.0,False,02:27:10,Williams,RUS,2,True,2021-09-26 13:28:12.465
156,02:31:08,63,00:01:59,51,3,,,00:00:40,00:00:42,00:00:36,02:29:49,02:30:32,02:31:08,167.0,242.0,139.0,249.0,INTERMEDIATE,8.0,False,02:29:08,Williams,RUS,2,True,2021-09-26 13:30:10.305
157,02:33:06,63,00:01:58,52,3,,,00:00:40,00:00:41,00:00:35,02:31:49,02:32:30,02:33:06,199.0,253.0,135.0,259.0,INTERMEDIATE,9.0,False,02:31:08,Williams,RUS,1,True,2021-09-26 13:32:10.276
158,02:35:03,63,00:01:57,53,3,,,00:00:39,00:00:41,00:00:36,02:33:45,02:34:27,02:35:03,190.0,290.0,134.0,270.0,INTERMEDIATE,10.0,False,02:33:06,Williams,RUS,1,True,2021-09-26 13:34:08.496
159,01:04:31,44,,1,1,00:22:43,,,00:00:38,00:00:31,,01:04:00,01:04:32,256.0,307.0,159.0,234.0,MEDIUM,1.0,True,01:02:41,Mercedes,HAM,1,False,2021-09-26 12:03:43.826
160,01:06:14,44,00:01:42,2,1,,,00:00:36,00:00:35,00:00:29,01:05:08,01:05:44,01:06:14,253.0,290.0,161.0,285.0,MEDIUM,2.0,True,01:04:31,Mercedes,HAM,2,True,2021-09-26 12:05:33.872
161,01:07:56,44,00:01:42,3,1,,,00:00:36,00:00:35,00:00:30,01:06:50,01:07:25,01:07:56,239.0,311.0,159.0,288.0,MEDIUM,3.0,True,01:06:14,Mercedes,HAM,1,True,2021-09-26 12:07:15.906
162,01:09:38,44,00:01:42,4,1,,,00:00:36,00:00:35,00:00:31,01:08:32,01:09:07,01:09:38,237.0,311.0,157.0,301.0,MEDIUM,4.0,True,01:07:56,Mercedes,HAM,1,True,2021-09-26 12:08:58.006
163,01:11:21,44,00:01:42,5,1,,,00:00:36,00:00:35,00:00:30,01:10:15,01:10:50,01:11:21,230.0,308.0,155.0,297.0,MEDIUM,5.0,True,01:09:38,Mercedes,HAM,1,True,2021-09-26 12:10:40.740
164,01:13:03,44,00:01:42,6,1,,,00:00:36,00:00:35,00:00:30,01:11:57,01:12:33,01:13:03,246.0,319.0,160.0,296.0,MEDIUM,6.0,True,01:11:21,Mercedes,HAM,1,True,2021-09-26 12:12:23.458
165,01:14:46,44,00:01:42,7,1,,,00:00:36,00:00:35,00:00:30,01:13:40,01:14:15,01:14:46,236.0,317.0,157.0,301.0,MEDIUM,7.0,True,01:13:03,Mercedes,HAM,1,True,2021-09-26 12:14:05.872
166,01:16:28,44,00:01:42,8,1,,,00:00:36,00:00:35,00:00:30,01:15:22,01:15:57,01:16:28,243.0,318.0,155.0,,MEDIUM,8.0,True,01:14:46,Mercedes,HAM,1,True,2021-09-26 12:15:48.172
167,01:18:10,44,00:01:42,9,1,,,00:00:36,00:00:35,00:00:30,01:17:04,01:17:39,01:18:10,245.0,318.0,152.0,303.0,MEDIUM,9.0,True,01:16:28,Mercedes,HAM,1,True,2021-09-26 12:17:30.248
168,01:19:52,44,00:01:42,10,1,,,00:00:36,00:00:35,00:00:30,01:18:46,01:19:22,01:19:52,246.0,319.0,155.0,297.0,MEDIUM,10.0,True,01:18:10,Mercedes,HAM,1,True,2021-09-26 12:19:12.382
169,01:21:35,44,00:01:42,11,1,,,00:00:36,00:00:35,00:00:30,01:20:28,01:21:04,01:21:35,241.0,316.0,157.0,305.0,MEDIUM,11.0,True,01:19:52,Mercedes,HAM,1,True,2021-09-26 12:20:54.593
170,01:23:17,44,00:01:42,12,1,,,00:00:36,00:00:35,00:00:30,01:22:11,01:22:46,01:23:17,244.0,317.0,157.0,318.0,MEDIUM,12.0,True,01:21:35,Mercedes,HAM,1,True,2021-09-26 12:22:36.941
171,01:24:59,44,00:01:41,13,1,,,00:00:36,00:00:35,00:00:30,01:23:53,01:24:28,01:24:59,250.0,309.0,156.0,308.0,MEDIUM,13.0,True,01:23:17,Mercedes,HAM,1,True,2021-09-26 12:24:19.204
172,01:26:41,44,00:01:41,14,1,,,00:00:36,00:00:35,00:00:30,01:25:35,01:26:10,01:26:41,249.0,308.0,156.0,310.0,MEDIUM,14.0,True,01:24:59,Mercedes,HAM,1,True,2021-09-26 12:26:01.157
173,01:28:22,44,00:01:41,15,1,,,00:00:36,00:00:35,00:00:30,01:27:17,01:27:52,01:28:22,253.0,308.0,159.0,294.0,MEDIUM,15.0,True,01:26:41,Mercedes,HAM,1,True,2021-09-26 12:27:43.099
174,01:30:04,44,00:01:41,16,1,,,00:00:35,00:00:35,00:00:30,01:28:58,01:29:34,01:30:04,256.0,310.0,152.0,310.0,MEDIUM,16.0,True,01:28:22,Mercedes,HAM,1,True,2021-09-26 12:29:24.533
175,01:31:45,44,00:01:41,17,1,,,00:00:36,00:00:35,00:00:30,01:30:40,01:31:15,01:31:45,250.0,306.0,160.0,314.0,MEDIUM,17.0,True,01:30:04,Mercedes,HAM,1,True,2021-09-26 12:31:06.024
176,01:33:27,44,00:01:41,18,1,,,00:00:36,00:00:35,00:00:30,01:32:21,01:32:56,01:33:27,249.0,308.0,158.0,315.0,MEDIUM,18.0,True,01:31:45,Mercedes,HAM,1,True,2021-09-26 12:32:47.576
177,01:35:08,44,00:01:41,19,1,,,00:00:36,00:00:35,00:00:30,01:34:03,01:34:38,01:35:08,256.0,310.0,159.0,312.0,MEDIUM,19.0,True,01:33:27,Mercedes,HAM,1,True,2021-09-26 12:34:29.054
178,01:36:50,44,00:01:41,20,1,,,00:00:36,00:00:35,00:00:30,01:35:45,01:36:20,01:36:50,252.0,310.0,155.0,314.0,MEDIUM,20.0,True,01:35:08,Mercedes,HAM,1,True,2021-09-26 12:36:10.696
179,01:38:32,44,00:01:41,21,1,,,00:00:36,00:00:35,00:00:30,01:37:26,01:38:02,01:38:32,251.0,307.0,154.0,320.0,MEDIUM,21.0,True,01:36:50,Mercedes,HAM,1,True,2021-09-26 12:37:52.495
180,01:40:13,44,00:01:41,22,1,,,00:00:36,00:00:35,00:00:30,01:39:08,01:39:43,01:40:13,255.0,310.0,163.0,295.0,MEDIUM,22.0,True,01:38:32,Mercedes,HAM,1,True,2021-09-26 12:39:34.282
181,01:41:54,44,00:01:40,23,1,,,00:00:36,00:00:34,00:00:29,01:40:49,01:41:24,01:41:54,258.0,284.0,163.0,290.0,MEDIUM,23.0,True,01:40:13,Mercedes,HAM,1,True,2021-09-26 12:41:15.663
182,01:43:33,44,00:01:39,24,1,,,00:00:35,00:00:34,00:00:29,01:42:30,01:43:04,01:43:33,,285.0,161.0,,MEDIUM,24.0,True,01:41:54,Mercedes,HAM,1,True,2021-09-26 12:42:55.944
183,01:45:14,44,00:01:40,25,1,,,00:00:36,00:00:34,00:00:29,01:44:10,01:44:44,01:45:14,257.0,283.0,160.0,292.0,MEDIUM,25.0,True,01:43:33,Mercedes,HAM,1,True,2021-09-26 12:44:35.852
184,01:46:59,44,00:01:45,26,1,,01:46:51,00:00:36,00:00:34,00:00:34,01:45:50,01:46:25,01:46:59,256.0,286.0,,291.0,MEDIUM,26.0,True,01:45:14,Mercedes,HAM,1,False,2021-09-26 12:46:15.903
185,01:48:58,44,00:01:59,27,2,01:47:21,,00:00:56,00:00:33,00:00:28,01:47:56,01:48:30,01:48:58,258.0,294.0,168.0,291.0,HARD,1.0,True,01:46:59,Mercedes,HAM,1,False,2021-09-26 12:48:01.654
186,01:50:39,44,00:01:40,28,2,,,00:00:35,00:00:34,00:00:30,01:49:34,01:50:08,01:50:39,253.0,325.0,161.0,312.0,HARD,2.0,True,01:48:58,Mercedes,HAM,1,True,2021-09-26 12:50:00.662
187,01:52:18,44,00:01:38,29,2,,,00:00:35,00:00:34,00:00:29,01:51:14,01:51:48,01:52:18,257.0,296.0,159.0,333.0,HARD,3.0,True,01:50:39,Mercedes,HAM,1,True,2021-09-26 12:51:41.133
188,01:53:56,44,00:01:38,30,2,,,00:00:35,00:00:34,00:00:28,01:52:53,01:53:27,01:53:56,,318.0,169.0,,HARD,4.0,True,01:52:18,Mercedes,HAM,1,True,2021-09-26 12:53:19.977
189,01:55:34,44,00:01:38,31,2,,,00:00:35,00:00:34,00:00:28,01:54:31,01:55:06,01:55:34,,287.0,169.0,289.0,HARD,5.0,True,01:53:56,Mercedes,HAM,1,True,2021-09-26 12:54:58.221
190,01:57:12,44,00:01:38,32,2,,,00:00:35,00:00:34,00:00:28,01:56:09,01:56:44,01:57:12,,286.0,168.0,291.0,HARD,6.0,True,01:55:34,Mercedes,HAM,1,True,2021-09-26 12:56:36.230
191,01:58:50,44,00:01:38,33,2,,,00:00:35,00:00:34,00:00:28,01:57:48,01:58:22,01:58:50,256.0,283.0,169.0,290.0,HARD,7.0,True,01:57:12,Mercedes,HAM,1,True,2021-09-26 12:58:14.364
192,02:00:28,44,00:01:38,34,2,,,00:00:35,00:00:33,00:00:28,01:59:26,02:00:00,02:00:28,260.0,293.0,167.0,,HARD,8.0,True,01:58:50,Mercedes,HAM,1,True,2021-09-26 12:59:52.680
193,02:02:06,44,00:01:38,35,2,,,00:00:35,00:00:34,00:00:28,02:01:04,02:01:38,02:02:06,259.0,319.0,167.0,300.0,HARD,9.0,True,02:00:28,Mercedes,HAM,1,True,2021-09-26 13:01:30.687
194,02:03:45,44,00:01:38,36,2,,,00:00:35,00:00:34,00:00:28,02:02:42,02:03:16,02:03:45,252.0,286.0,165.0,291.0,HARD,10.0,True,02:02:06,Mercedes,HAM,1,True,2021-09-26 13:03:08.887
195,02:05:23,44,00:01:37,37,2,,,00:00:35,00:00:33,00:00:28,02:04:20,02:04:54,02:05:23,261.0,291.0,166.0,296.0,HARD,11.0,True,02:03:45,Mercedes,HAM,1,True,2021-09-26 13:04:47.160
196,02:07:00,44,00:01:37,38,2,,,00:00:35,00:00:33,00:00:28,02:05:58,02:06:32,02:07:00,260.0,292.0,164.0,,HARD,12.0,True,02:05:23,Mercedes,HAM,1,True,2021-09-26 13:06:24.930
197,02:08:38,44,00:01:37,39,2,,,00:00:35,00:00:33,00:00:28,02:07:36,02:08:09,02:08:38,264.0,298.0,161.0,,HARD,13.0,True,02:07:00,Mercedes,HAM,1,True,2021-09-26 13:08:02.619
198,02:10:16,44,00:01:37,40,2,,,00:00:35,00:00:33,00:00:28,02:09:13,02:09:47,02:10:16,,292.0,161.0,297.0,HARD,14.0,True,02:08:38,Mercedes,HAM,1,True,2021-09-26 13:09:40.338
199,02:11:53,44,00:01:37,41,2,,,00:00:35,00:00:33,00:00:28,02:10:51,02:11:25,02:11:53,263.0,292.0,165.0,,HARD,15.0,True,02:10:16,Mercedes,HAM,1,True,2021-09-26 13:11:17.946
200,02:13:31,44,00:01:37,42,2,,,00:00:35,00:00:33,00:00:28,02:12:29,02:13:03,02:13:31,262.0,291.0,164.0,293.0,HARD,16.0,True,02:11:53,Mercedes,HAM,1,True,2021-09-26 13:12:55.778
201,02:15:09,44,00:01:37,43,2,,,00:00:35,00:00:33,00:00:28,02:14:06,02:14:40,02:15:09,263.0,292.0,165.0,297.0,HARD,17.0,True,02:13:31,Mercedes,HAM,1,True,2021-09-26 13:14:33.456
202,02:16:46,44,00:01:37,44,2,,,00:00:35,00:00:33,00:00:28,02:15:44,02:16:18,02:16:46,261.0,295.0,162.0,301.0,HARD,18.0,True,02:15:09,Mercedes,HAM,1,True,2021-09-26 13:16:11.031
203,02:18:25,44,00:01:38,45,2,,,00:00:35,00:00:33,00:00:28,02:17:22,02:17:56,02:18:25,258.0,294.0,163.0,298.0,HARD,19.0,True,02:16:46,Mercedes,HAM,1,True,2021-09-26 13:17:48.820
204,02:20:03,44,00:01:38,46,2,,,00:00:35,00:00:34,00:00:28,02:19:00,02:19:35,02:20:03,242.0,294.0,162.0,297.0,HARD,20.0,True,02:18:25,Mercedes,HAM,1,True,2021-09-26 13:19:26.912
205,02:21:46,44,00:01:42,47,2,,,00:00:35,00:00:37,00:00:29,02:20:39,02:21:17,02:21:46,215.0,318.0,160.0,298.0,HARD,21.0,True,02:20:03,Mercedes,HAM,1,True,2021-09-26 13:21:05.854
206,02:23:42,44,00:01:55,48,2,,,00:00:38,00:00:44,00:00:33,02:22:24,02:23:08,02:23:42,183.0,258.0,164.0,244.0,HARD,22.0,True,02:21:46,Mercedes,HAM,2,True,2021-09-26 13:22:48.466
207,02:25:39,44,00:01:56,49,2,,02:25:30,00:00:37,00:00:43,00:00:35,02:24:19,02:25:03,02:25:39,189.0,295.0,,254.0,HARD,23.0,True,02:23:42,Mercedes,HAM,2,False,2021-09-26 13:24:44.196
208,02:27:45,44,00:02:06,50,3,02:26:00,,00:00:56,00:00:38,00:00:31,02:26:36,02:27:14,02:27:45,205.0,292.0,146.0,277.0,INTERMEDIATE,1.0,True,02:25:39,Mercedes,HAM,1,False,2021-09-26 13:26:41.075
209,02:29:39,44,00:01:53,51,3,,,00:00:39,00:00:41,00:00:33,02:28:24,02:29:05,02:29:39,162.0,297.0,145.0,272.0,INTERMEDIATE,2.0,True,02:27:45,Mercedes,HAM,2,True,2021-09-26 13:28:47.391
210,02:31:31,44,00:01:52,52,3,,,00:00:39,00:00:39,00:00:33,02:30:18,02:30:58,02:31:31,187.0,296.0,149.0,242.0,INTERMEDIATE,3.0,True,02:29:39,Mercedes,HAM,2,True,2021-09-26 13:30:40.923
211,02:33:23,44,00:01:51,53,3,,,00:00:39,00:00:39,00:00:32,02:32:10,02:32:50,02:33:23,190.0,299.0,136.0,254.0,INTERMEDIATE,4.0,True,02:31:31,Mercedes,HAM,1,True,2021-09-26 13:32:33.582
212,01:04:30,3,,1,1,00:23:08,,,00:00:37,00:00:30,,01:04:00,01:04:30,235.0,291.0,159.0,262.0,MEDIUM,1.0,True,01:02:41,McLaren,RIC,1,False,2021-09-26 12:03:43.826
213,01:06:13,3,00:01:42,2,1,,,00:00:36,00:00:35,00:00:30,01:05:06,01:05:42,01:06:13,251.0,282.0,163.0,289.0,MEDIUM,2.0,True,01:04:30,McLaren,RIC,2,True,2021-09-26 12:05:32.262
214,01:07:55,3,00:01:42,3,1,,,00:00:36,00:00:35,00:00:30,01:06:49,01:07:24,01:07:55,247.0,309.0,159.0,293.0,MEDIUM,3.0,True,01:06:13,McLaren,RIC,1,True,2021-09-26 12:07:15.097
215,01:09:38,3,00:01:42,4,1,,,00:00:36,00:00:35,00:00:31,01:08:31,01:09:07,01:09:38,234.0,312.0,155.0,320.0,MEDIUM,4.0,True,01:07:55,McLaren,RIC,1,True,2021-09-26 12:08:57.512
216,01:11:21,3,00:01:42,5,1,,,00:00:36,00:00:35,00:00:31,01:10:14,01:10:50,01:11:21,246.0,315.0,156.0,307.0,MEDIUM,5.0,True,01:09:38,McLaren,RIC,1,True,2021-09-26 12:10:40.253
217,01:13:03,3,00:01:42,6,1,,,00:00:36,00:00:35,00:00:30,01:11:57,01:12:32,01:13:03,248.0,312.0,159.0,,MEDIUM,6.0,True,01:11:21,McLaren,RIC,1,True,2021-09-26 12:12:22.935
218,01:14:45,3,00:01:42,7,1,,,00:00:36,00:00:35,00:00:30,01:13:39,01:14:14,01:14:45,247.0,312.0,158.0,314.0,MEDIUM,7.0,True,01:13:03,McLaren,RIC,1,True,2021-09-26 12:14:05.336
219,01:16:27,3,00:01:42,8,1,,,00:00:36,00:00:35,00:00:30,01:15:21,01:15:57,01:16:27,251.0,312.0,158.0,293.0,MEDIUM,8.0,True,01:14:45,McLaren,RIC,1,True,2021-09-26 12:15:47.507
220,01:18:09,3,00:01:41,9,1,,,00:00:36,00:00:35,00:00:30,01:17:03,01:17:39,01:18:09,249.0,313.0,157.0,299.0,MEDIUM,9.0,True,01:16:27,McLaren,RIC,1,True,2021-09-26 12:17:29.559
221,01:19:51,3,00:01:42,10,1,,,00:00:36,00:00:35,00:00:30,01:18:45,01:19:21,01:19:51,248.0,314.0,157.0,304.0,MEDIUM,10.0,True,01:18:09,McLaren,RIC,1,True,2021-09-26 12:19:11.504
222,01:21:34,3,00:01:42,11,1,,,00:00:36,00:00:35,00:00:30,01:20:28,01:21:03,01:21:34,246.0,314.0,158.0,296.0,MEDIUM,11.0,True,01:19:51,McLaren,RIC,1,True,2021-09-26 12:20:53.802
223,01:23:16,3,00:01:42,12,1,,,00:00:36,00:00:35,00:00:30,01:22:10,01:22:45,01:23:16,249.0,307.0,156.0,297.0,MEDIUM,12.0,True,01:21:34,McLaren,RIC,1,True,2021-09-26 12:22:36.035
224,01:24:58,3,00:01:42,13,1,,,00:00:36,00:00:35,00:00:30,01:23:52,01:24:28,01:24:58,248.0,291.0,160.0,299.0,MEDIUM,13.0,True,01:23:16,McLaren,RIC,1,True,2021-09-26 12:24:18.250
225,01:26:40,3,00:01:41,14,1,,,00:00:36,00:00:35,00:00:29,01:25:35,01:26:10,01:26:40,250.0,287.0,159.0,294.0,MEDIUM,14.0,True,01:24:58,McLaren,RIC,1,True,2021-09-26 12:26:00.359
226,01:28:21,3,00:01:41,15,1,,,00:00:36,00:00:35,00:00:29,01:27:16,01:27:51,01:28:21,252.0,285.0,160.0,284.0,MEDIUM,15.0,True,01:26:40,McLaren,RIC,1,True,2021-09-26 12:27:42.006
227,01:30:03,3,00:01:41,16,1,,,00:00:36,00:00:35,00:00:29,01:28:58,01:29:33,01:30:03,,286.0,159.0,285.0,MEDIUM,16.0,True,01:28:21,McLaren,RIC,1,True,2021-09-26 12:29:23.525
228,01:31:44,3,00:01:41,17,1,,,00:00:36,00:00:35,00:00:29,01:30:39,01:31:14,01:31:44,,283.0,159.0,288.0,MEDIUM,17.0,True,01:30:03,McLaren,RIC,1,True,2021-09-26 12:31:05.095
229,01:33:26,3,00:01:41,18,1,,,00:00:36,00:00:35,00:00:29,01:32:21,01:32:56,01:33:26,253.0,287.0,158.0,294.0,MEDIUM,18.0,True,01:31:44,McLaren,RIC,1,True,2021-09-26 12:32:46.643
230,01:35:07,3,00:01:41,19,1,,,00:00:36,00:00:35,00:00:29,01:34:02,01:34:38,01:35:07,251.0,276.0,161.0,283.0,MEDIUM,19.0,True,01:33:26,McLaren,RIC,1,True,2021-09-26 12:34:28.057
231,01:36:49,3,00:01:41,20,1,,,00:00:36,00:00:35,00:00:29,01:35:44,01:36:19,01:36:49,252.0,275.0,154.0,292.0,MEDIUM,20.0,True,01:35:07,McLaren,RIC,1,True,2021-09-26 12:36:09.761
232,01:38:31,3,00:01:41,21,1,,,00:00:36,00:00:35,00:00:29,01:37:26,01:38:01,01:38:31,253.0,275.0,160.0,293.0,MEDIUM,21.0,True,01:36:49,McLaren,RIC,1,True,2021-09-26 12:37:51.550
233,01:40:17,3,00:01:46,22,1,,01:40:09,00:00:36,00:00:35,00:00:34,01:39:07,01:39:43,01:40:17,254.0,276.0,,284.0,MEDIUM,22.0,True,01:38:31,McLaren,RIC,1,False,2021-09-26 12:39:33.265
234,01:42:22,3,00:02:05,23,2,01:40:43,,00:01:00,00:00:34,00:00:29,01:41:18,01:41:52,01:42:22,253.0,314.0,166.0,290.0,HARD,1.0,True,01:40:17,McLaren,RIC,1,False,2021-09-26 12:41:19.465
235,01:44:01,3,00:01:39,24,2,,,00:00:35,00:00:34,00:00:29,01:42:57,01:43:32,01:44:01,,279.0,166.0,311.0,HARD,2.0,True,01:42:22,McLaren,RIC,1,True,2021-09-26 12:43:24.555
236,01:45:41,3,00:01:39,25,2,,,00:00:35,00:00:34,00:00:29,01:44:37,01:45:12,01:45:41,249.0,285.0,162.0,295.0,HARD,3.0,True,01:44:01,McLaren,RIC,1,True,2021-09-26 12:45:03.679
237,01:47:21,3,00:01:39,26,2,,,00:00:36,00:00:34,00:00:29,01:46:17,01:46:52,01:47:21,253.0,312.0,164.0,301.0,HARD,4.0,True,01:45:41,McLaren,RIC,1,True,2021-09-26 12:46:43.275
238,01:49:01,3,00:01:40,27,2,,,00:00:36,00:00:34,00:00:29,01:47:57,01:48:32,01:49:01,250.0,286.0,166.0,286.0,HARD,5.0,True,01:47:21,McLaren,RIC,1,True,2021-09-26 12:48:23.195
239,01:50:40,3,00:01:39,28,2,,,00:00:35,00:00:34,00:00:29,01:49:37,01:50:11,01:50:40,256.0,288.0,163.0,292.0,HARD,6.0,True,01:49:01,McLaren,RIC,1,True,2021-09-26 12:50:03.403
240,01:52:20,3,00:01:39,29,2,,,00:00:35,00:00:34,00:00:29,01:51:16,01:51:50,01:52:20,,313.0,163.0,286.0,HARD,7.0,True,01:50:40,McLaren,RIC,1,True,2021-09-26 12:51:42.883
241,01:54:01,3,00:01:40,30,2,,,00:00:35,00:00:34,00:00:30,01:52:56,01:53:31,01:54:01,241.0,316.0,160.0,311.0,HARD,8.0,True,01:52:20,McLaren,RIC,1,True,2021-09-26 12:53:22.670
242,01:55:41,3,00:01:40,31,2,,,00:00:35,00:00:34,00:00:29,01:54:37,01:55:11,01:55:41,244.0,311.0,160.0,306.0,HARD,9.0,True,01:54:01,McLaren,RIC,1,True,2021-09-26 12:55:03.280
243,01:57:22,3,00:01:41,32,2,,,00:00:35,00:00:34,00:00:30,01:56:17,01:56:52,01:57:22,252.0,318.0,159.0,299.0,HARD,10.0,True,01:55:41,McLaren,RIC,1,True,2021-09-26 12:56:43.590
244,01:59:04,3,00:01:41,33,2,,,00:00:35,00:00:34,00:00:30,01:57:58,01:58:33,01:59:04,246.0,310.0,164.0,310.0,HARD,11.0,True,01:57:22,McLaren,RIC,1,True,2021-09-26 12:58:24.688
245,02:00:44,3,00:01:40,34,2,,,00:00:35,00:00:34,00:00:29,01:59:40,02:00:15,02:00:44,255.0,285.0,163.0,296.0,HARD,12.0,True,01:59:04,McLaren,RIC,1,True,2021-09-26 13:00:06.220
246,02:02:24,3,00:01:39,35,2,,,00:00:35,00:00:34,00:00:29,02:01:20,02:01:55,02:02:24,249.0,282.0,163.0,289.0,HARD,13.0,True,02:00:44,McLaren,RIC,1,True,2021-09-26 13:01:46.539
247,02:04:04,3,00:01:39,36,2,,,00:00:35,00:00:34,00:00:29,02:03:00,02:03:34,02:04:04,255.0,283.0,162.0,287.0,HARD,14.0,True,02:02:24,McLaren,RIC,1,True,2021-09-26 13:03:26.300
248,02:05:44,3,00:01:39,37,2,,,00:00:35,00:00:34,00:00:29,02:04:40,02:05:14,02:05:44,257.0,282.0,162.0,288.0,HARD,15.0,True,02:04:04,McLaren,RIC,1,True,2021-09-26 13:05:06.235
249,02:07:23,3,00:01:39,38,2,,,00:00:35,00:00:34,00:00:29,02:06:20,02:06:54,02:07:23,258.0,283.0,163.0,287.0,HARD,16.0,True,02:05:44,McLaren,RIC,1,True,2021-09-26 13:06:46.082
250,02:09:03,3,00:01:39,39,2,,,00:00:35,00:00:34,00:00:29,02:07:59,02:08:34,02:09:03,253.0,288.0,163.0,299.0,HARD,17.0,True,02:07:23,McLaren,RIC,1,True,2021-09-26 13:08:25.685
251,02:10:43,3,00:01:39,40,2,,,00:00:35,00:00:34,00:00:29,02:09:39,02:10:13,02:10:43,256.0,280.0,162.0,298.0,HARD,18.0,True,02:09:03,McLaren,RIC,1,True,2021-09-26 13:10:05.368
252,02:12:23,3,00:01:40,41,2,,,00:00:36,00:00:34,00:00:29,02:11:19,02:11:54,02:12:23,258.0,279.0,162.0,297.0,HARD,19.0,True,02:10:43,McLaren,RIC,1,True,2021-09-26 13:11:45.090
253,02:14:02,3,00:01:39,42,2,,,00:00:35,00:00:34,00:00:29,02:12:58,02:13:33,02:14:02,256.0,281.0,164.0,290.0,HARD,20.0,True,02:12:23,McLaren,RIC,1,True,2021-09-26 13:13:25.140
254,02:15:42,3,00:01:39,43,2,,,00:00:35,00:00:34,00:00:29,02:14:38,02:15:12,02:15:42,258.0,283.0,164.0,293.0,HARD,21.0,True,02:14:02,McLaren,RIC,1,True,2021-09-26 13:15:04.443
255,02:17:24,3,00:01:42,44,2,,,00:00:35,00:00:34,00:00:31,02:16:17,02:16:52,02:17:24,252.0,282.0,156.0,298.0,HARD,22.0,True,02:15:42,McLaren,RIC,1,True,2021-09-26 13:16:43.924
256,02:19:04,3,00:01:40,45,2,,,00:00:35,00:00:35,00:00:29,02:18:00,02:18:35,02:19:04,253.0,285.0,164.0,291.0,HARD,23.0,True,02:17:24,McLaren,RIC,1,True,2021-09-26 13:18:26.035
257,02:20:45,3,00:01:40,46,2,,,00:00:35,00:00:35,00:00:29,02:19:40,02:20:15,02:20:45,252.0,284.0,163.0,287.0,HARD,24.0,True,02:19:04,McLaren,RIC,1,True,2021-09-26 13:20:06.334
258,02:22:32,3,00:01:47,47,2,,,00:00:36,00:00:39,00:00:30,02:21:22,02:22:01,02:22:32,215.0,295.0,160.0,284.0,HARD,25.0,True,02:20:45,McLaren,RIC,2,True,2021-09-26 13:21:47.015
259,02:24:42,3,00:02:10,48,2,,02:24:34,00:00:40,00:00:49,00:00:40,02:23:12,02:24:01,02:24:42,195.0,290.0,,242.0,HARD,26.0,True,02:22:32,McLaren,RIC,2,False,2021-09-26 13:23:34.438
260,02:26:55,3,00:02:12,49,3,02:25:05,,00:00:59,00:00:39,00:00:33,02:25:41,02:26:21,02:26:55,218.0,287.0,153.0,275.0,INTERMEDIATE,4.0,False,02:24:42,McLaren,RIC,1,False,2021-09-26 13:25:44.534
261,02:28:48,3,00:01:53,50,3,,,00:00:39,00:00:40,00:00:33,02:27:34,02:28:15,02:28:48,192.0,295.0,143.0,264.0,INTERMEDIATE,5.0,False,02:26:55,McLaren,RIC,2,True,2021-09-26 13:27:57.037
262,02:30:44,3,00:01:55,51,3,,,00:00:41,00:00:40,00:00:34,02:29:29,02:30:10,02:30:44,187.0,282.0,142.0,251.0,INTERMEDIATE,6.0,False,02:28:48,McLaren,RIC,2,True,2021-09-26 13:29:50.480
263,02:32:36,3,00:01:52,52,3,,,00:00:39,00:00:39,00:00:33,02:31:23,02:32:02,02:32:36,206.0,283.0,145.0,259.0,INTERMEDIATE,7.0,False,02:30:44,McLaren,RIC,1,True,2021-09-26 13:31:46.083
264,02:34:28,3,00:01:52,53,3,,,00:00:38,00:00:39,00:00:33,02:33:15,02:33:54,02:34:28,195.0,279.0,132.0,287.0,INTERMEDIATE,8.0,False,02:32:36,McLaren,RIC,1,True,2021-09-26 13:33:38.189
265,01:04:31,14,,1,1,00:23:20,,,00:00:38,00:00:31,,01:04:00,01:04:31,249.0,289.0,163.0,271.0,HARD,1.0,True,01:02:41,Alpine F1 Team,ALO,1,False,2021-09-26 12:03:43.826
266,01:06:15,14,00:01:44,2,1,,,00:00:37,00:00:36,00:00:30,01:05:08,01:05:45,01:06:15,223.0,287.0,163.0,292.0,HARD,2.0,True,01:04:31,Alpine F1 Team,ALO,2,True,2021-09-26 12:05:33.396
267,01:07:59,14,00:01:43,3,1,,,00:00:36,00:00:35,00:00:31,01:06:52,01:07:28,01:07:59,237.0,288.0,160.0,276.0,HARD,3.0,True,01:06:15,Alpine F1 Team,ALO,1,True,2021-09-26 12:07:17.678
268,01:09:41,14,00:01:42,4,1,,,00:00:36,00:00:35,00:00:30,01:08:35,01:09:11,01:09:41,234.0,288.0,159.0,281.0,HARD,4.0,True,01:07:59,Alpine F1 Team,ALO,1,True,2021-09-26 12:09:01.331
269,01:11:24,14,00:01:42,5,1,,,00:00:36,00:00:35,00:00:30,01:10:18,01:10:54,01:11:24,238.0,290.0,163.0,280.0,HARD,5.0,True,01:09:41,Alpine F1 Team,ALO,1,True,2021-09-26 12:10:43.773
270,01:13:06,14,00:01:42,6,1,,,00:00:36,00:00:35,00:00:30,01:12:01,01:12:36,01:13:06,236.0,291.0,163.0,296.0,HARD,6.0,True,01:11:24,Alpine F1 Team,ALO,1,True,2021-09-26 12:12:26.370
271,01:14:49,14,00:01:42,7,1,,,00:00:36,00:00:35,00:00:30,01:13:43,01:14:18,01:14:49,238.0,291.0,161.0,288.0,HARD,7.0,True,01:13:06,Alpine F1 Team,ALO,1,True,2021-09-26 12:14:08.752
272,01:16:32,14,00:01:43,8,1,,,00:00:36,00:00:35,00:00:30,01:15:25,01:16:01,01:16:32,231.0,290.0,162.0,275.0,HARD,8.0,True,01:14:49,Alpine F1 Team,ALO,1,True,2021-09-26 12:15:51.100
273,01:18:13,14,00:01:41,9,1,,,00:00:36,00:00:35,00:00:30,01:17:08,01:17:43,01:18:13,246.0,290.0,161.0,286.0,HARD,9.0,True,01:16:32,Alpine F1 Team,ALO,1,True,2021-09-26 12:17:34.112
274,01:19:56,14,00:01:42,10,1,,,00:00:36,00:00:35,00:00:30,01:18:50,01:19:25,01:19:56,238.0,290.0,162.0,285.0,HARD,10.0,True,01:18:13,Alpine F1 Team,ALO,1,True,2021-09-26 12:19:15.874
275,01:21:38,14,00:01:42,11,1,,,00:00:36,00:00:35,00:00:30,01:20:32,01:21:08,01:21:38,228.0,291.0,162.0,287.0,HARD,11.0,True,01:19:56,Alpine F1 Team,ALO,1,True,2021-09-26 12:20:58.037
276,01:23:20,14,00:01:41,12,1,,,00:00:36,00:00:35,00:00:30,01:22:14,01:22:50,01:23:20,238.0,294.0,161.0,278.0,HARD,12.0,True,01:21:38,Alpine F1 Team,ALO,1,True,2021-09-26 12:22:40.096
277,01:25:02,14,00:01:41,13,1,,,00:00:36,00:00:35,00:00:30,01:23:56,01:24:32,01:25:02,244.0,291.0,162.0,293.0,HARD,13.0,True,01:23:20,Alpine F1 Team,ALO,1,True,2021-09-26 12:24:22.007
278,01:26:43,14,00:01:41,14,1,,,00:00:36,00:00:35,00:00:30,01:25:38,01:26:13,01:26:43,238.0,292.0,160.0,287.0,HARD,14.0,True,01:25:02,Alpine F1 Team,ALO,1,True,2021-09-26 12:26:03.993
279,01:28:25,14,00:01:41,15,1,,,00:00:36,00:00:35,00:00:29,01:27:20,01:27:55,01:28:25,239.0,291.0,160.0,281.0,HARD,15.0,True,01:26:43,Alpine F1 Team,ALO,1,True,2021-09-26 12:27:45.841
280,01:30:07,14,00:01:41,16,1,,,00:00:36,00:00:35,00:00:29,01:29:01,01:29:37,01:30:07,246.0,290.0,162.0,287.0,HARD,16.0,True,01:28:25,Alpine F1 Team,ALO,1,True,2021-09-26 12:29:27.574
281,01:31:48,14,00:01:41,17,1,,,00:00:36,00:00:35,00:00:30,01:30:43,01:31:18,01:31:48,245.0,289.0,163.0,,HARD,17.0,True,01:30:07,Alpine F1 Team,ALO,1,True,2021-09-26 12:31:08.948
282,01:33:29,14,00:01:41,18,1,,,00:00:36,00:00:35,00:00:29,01:32:24,01:32:59,01:33:29,243.0,289.0,163.0,286.0,HARD,18.0,True,01:31:48,Alpine F1 Team,ALO,1,True,2021-09-26 12:32:50.360
283,01:35:11,14,00:01:41,19,1,,,00:00:36,00:00:35,00:00:30,01:34:06,01:34:41,01:35:11,241.0,294.0,161.0,287.0,HARD,19.0,True,01:33:29,Alpine F1 Team,ALO,1,True,2021-09-26 12:34:31.801
284,01:36:53,14,00:01:41,20,1,,,00:00:36,00:00:35,00:00:30,01:35:47,01:36:22,01:36:53,242.0,293.0,156.0,,HARD,20.0,True,01:35:11,Alpine F1 Team,ALO,1,True,2021-09-26 12:36:13.247
285,01:38:34,14,00:01:41,21,1,,,00:00:36,00:00:35,00:00:29,01:37:29,01:38:04,01:38:34,252.0,305.0,160.0,298.0,HARD,21.0,True,01:36:53,Alpine F1 Team,ALO,1,True,2021-09-26 12:37:54.939
286,01:40:15,14,00:01:41,22,1,,,00:00:36,00:00:35,00:00:30,01:39:10,01:39:45,01:40:15,241.0,314.0,160.0,293.0,HARD,22.0,True,01:38:34,Alpine F1 Team,ALO,1,True,2021-09-26 12:39:36.039
287,01:41:56,14,00:01:40,23,1,,,00:00:35,00:00:34,00:00:30,01:40:51,01:41:26,01:41:56,240.0,312.0,162.0,299.0,HARD,23.0,True,01:40:15,Alpine F1 Team,ALO,1,True,2021-09-26 12:41:17.582
288,01:43:37,14,00:01:40,24,1,,,00:00:35,00:00:35,00:00:29,01:42:32,01:43:07,01:43:37,255.0,291.0,159.0,295.0,HARD,24.0,True,01:41:56,Alpine F1 Team,ALO,1,True,2021-09-26 12:42:58.564
289,01:45:18,14,00:01:40,25,1,,,00:00:35,00:00:35,00:00:29,01:44:13,01:44:48,01:45:18,256.0,288.0,162.0,294.0,HARD,25.0,True,01:43:37,Alpine F1 Team,ALO,1,True,2021-09-26 12:44:39.511
290,01:46:58,14,00:01:40,26,1,,,00:00:36,00:00:34,00:00:29,01:45:54,01:46:29,01:46:58,,289.0,160.0,293.0,HARD,26.0,True,01:45:18,Alpine F1 Team,ALO,1,True,2021-09-26 12:46:20.347
291,01:48:39,14,00:01:40,27,1,,,00:00:36,00:00:34,00:00:29,01:47:34,01:48:09,01:48:39,,288.0,163.0,292.0,HARD,27.0,True,01:46:58,Alpine F1 Team,ALO,1,True,2021-09-26 12:48:00.788
292,01:50:19,14,00:01:40,28,1,,,00:00:35,00:00:34,00:00:29,01:49:15,01:49:50,01:50:19,258.0,288.0,160.0,291.0,HARD,28.0,True,01:48:39,Alpine F1 Team,ALO,1,True,2021-09-26 12:49:41.102
293,01:51:59,14,00:01:40,29,1,,,00:00:36,00:00:34,00:00:29,01:50:55,01:51:30,01:51:59,,287.0,164.0,290.0,HARD,29.0,True,01:50:19,Alpine F1 Team,ALO,1,True,2021-09-26 12:51:21.379
294,01:53:39,14,00:01:39,30,1,,,00:00:35,00:00:34,00:00:29,01:52:35,01:53:10,01:53:39,257.0,287.0,162.0,,HARD,30.0,True,01:51:59,Alpine F1 Team,ALO,1,True,2021-09-26 12:53:01.477
295,01:55:19,14,00:01:40,31,1,,,00:00:36,00:00:34,00:00:29,01:54:15,01:54:50,01:55:19,255.0,286.0,164.0,289.0,HARD,31.0,True,01:53:39,Alpine F1 Team,ALO,1,True,2021-09-26 12:54:41.423
296,01:57:00,14,00:01:40,32,1,,,00:00:36,00:00:34,00:00:29,01:55:55,01:56:30,01:57:00,257.0,286.0,163.0,,HARD,32.0,True,01:55:19,Alpine F1 Team,ALO,1,True,2021-09-26 12:56:21.776
297,01:58:40,14,00:01:40,33,1,,,00:00:36,00:00:34,00:00:29,01:57:36,01:58:11,01:58:40,256.0,286.0,164.0,288.0,HARD,33.0,True,01:57:00,Alpine F1 Team,ALO,1,True,2021-09-26 12:58:02.155
298,02:00:21,14,00:01:40,34,1,,,00:00:36,00:00:35,00:00:29,01:59:16,01:59:51,02:00:21,257.0,286.0,161.0,,HARD,34.0,True,01:58:40,Alpine F1 Team,ALO,1,True,2021-09-26 12:59:42.459
299,02:02:01,14,00:01:40,35,1,,,00:00:36,00:00:34,00:00:29,02:00:57,02:01:31,02:02:01,,286.0,164.0,,HARD,35.0,True,02:00:21,Alpine F1 Team,ALO,1,True,2021-09-26 13:01:23.051
300,02:03:46,14,00:01:45,36,1,,02:03:38,00:00:36,00:00:34,00:00:34,02:02:37,02:03:12,02:03:46,255.0,293.0,,287.0,HARD,36.0,True,02:02:01,Alpine F1 Team,ALO,1,False,2021-09-26 13:03:03.181
301,02:05:47,14,00:02:00,37,2,02:04:09,,00:00:56,00:00:34,00:00:29,02:04:42,02:05:17,02:05:47,234.0,300.0,171.0,295.0,MEDIUM,1.0,True,02:03:46,Alpine F1 Team,ALO,1,False,2021-09-26 13:04:48.548
302,02:07:27,14,00:01:40,38,2,,,00:00:35,00:00:35,00:00:29,02:06:22,02:06:57,02:07:27,244.0,289.0,165.0,335.0,MEDIUM,2.0,True,02:05:47,Alpine F1 Team,ALO,1,True,2021-09-26 13:06:49.225
303,02:09:08,14,00:01:40,39,2,,,00:00:36,00:00:35,00:00:29,02:08:03,02:08:38,02:09:08,253.0,288.0,168.0,293.0,MEDIUM,3.0,True,02:07:27,Alpine F1 Team,ALO,1,True,2021-09-26 13:08:29.447
304,02:10:48,14,00:01:40,40,2,,,00:00:36,00:00:35,00:00:29,02:09:44,02:10:19,02:10:48,254.0,297.0,170.0,291.0,MEDIUM,4.0,True,02:09:08,Alpine F1 Team,ALO,1,True,2021-09-26 13:10:10.377
305,02:12:28,14,00:01:40,41,2,,,00:00:35,00:00:34,00:00:29,02:11:24,02:11:59,02:12:28,253.0,285.0,166.0,288.0,MEDIUM,5.0,True,02:10:48,Alpine F1 Team,ALO,1,True,2021-09-26 13:11:50.871
306,02:14:08,14,00:01:39,42,2,,,00:00:35,00:00:34,00:00:29,02:13:04,02:13:39,02:14:08,257.0,286.0,170.0,289.0,MEDIUM,6.0,True,02:12:28,Alpine F1 Team,ALO,1,True,2021-09-26 13:13:30.880
307,02:15:47,14,00:01:39,43,2,,,00:00:35,00:00:34,00:00:29,02:14:44,02:15:18,02:15:47,255.0,287.0,168.0,291.0,MEDIUM,7.0,True,02:14:08,Alpine F1 Team,ALO,1,True,2021-09-26 13:15:10.183
308,02:17:26,14,00:01:38,44,2,,,00:00:35,00:00:34,00:00:28,02:16:23,02:16:57,02:17:26,258.0,289.0,168.0,290.0,MEDIUM,8.0,True,02:15:47,Alpine F1 Team,ALO,1,True,2021-09-26 13:16:49.628
309,02:19:05,14,00:01:39,45,2,,,00:00:35,00:00:34,00:00:29,02:18:02,02:18:36,02:19:05,256.0,290.0,167.0,293.0,MEDIUM,9.0,True,02:17:26,Alpine F1 Team,ALO,1,True,2021-09-26 13:18:28.314
310,02:20:46,14,00:01:40,46,2,,,00:00:35,00:00:35,00:00:29,02:19:41,02:20:16,02:20:46,252.0,293.0,166.0,294.0,MEDIUM,10.0,True,02:19:05,Alpine F1 Team,ALO,1,True,2021-09-26 13:20:07.534
311,02:22:31,14,00:01:45,47,2,,,00:00:36,00:00:38,00:00:29,02:21:22,02:22:01,02:22:31,202.0,306.0,172.0,,MEDIUM,11.0,True,02:20:46,Alpine F1 Team,ALO,2,True,2021-09-26 13:21:48.207
312,02:24:30,14,00:01:59,48,2,,,00:00:39,00:00:45,00:00:34,02:23:10,02:23:56,02:24:30,206.0,284.0,167.0,239.0,MEDIUM,12.0,True,02:22:31,Alpine F1 Team,ALO,2,True,2021-09-26 13:23:33.300
313,02:26:22,14,00:01:52,49,2,,,00:00:39,00:00:41,00:00:31,02:25:10,02:25:51,02:26:22,204.0,297.0,167.0,270.0,MEDIUM,13.0,True,02:24:30,Alpine F1 Team,ALO,1,True,2021-09-26 13:25:32.719
314,02:28:42,14,00:02:19,50,2,,02:28:33,00:00:42,00:00:52,00:00:44,02:27:05,02:27:57,02:28:42,166.0,245.0,,243.0,MEDIUM,14.0,True,02:26:22,Alpine F1 Team,ALO,2,False,2021-09-26 13:27:24.782
315,02:31:00,14,00:02:18,51,3,02:29:04,,00:01:01,00:00:42,00:00:34,02:29:44,02:30:26,02:31:00,167.0,291.0,154.0,227.0,INTERMEDIATE,1.0,True,02:28:42,Alpine F1 Team,ALO,2,False,2021-09-26 13:29:44.160
316,02:32:52,14,00:01:51,52,3,,,00:00:39,00:00:39,00:00:32,02:31:39,02:32:19,02:32:52,209.0,292.0,154.0,268.0,INTERMEDIATE,2.0,True,02:31:00,Alpine F1 Team,ALO,1,True,2021-09-26 13:32:02.706
317,02:34:44,14,00:01:52,53,3,,,00:00:38,00:00:39,00:00:34,02:33:30,02:34:10,02:34:44,205.0,287.0,148.0,284.0,INTERMEDIATE,3.0,True,02:32:52,Alpine F1 Team,ALO,1,True,2021-09-26 13:33:53.932
318,01:04:29,18,,1,1,00:22:04,,,00:00:36,00:00:30,,01:03:58,01:04:29,236.0,289.0,156.0,258.0,MEDIUM,1.0,True,01:02:41,Aston Martin,STR,1,False,2021-09-26 12:03:43.826
319,01:06:12,18,00:01:42,2,1,,,00:00:36,00:00:35,00:00:30,01:05:06,01:05:41,01:06:12,242.0,289.0,163.0,292.0,MEDIUM,2.0,True,01:04:29,Aston Martin,STR,2,True,2021-09-26 12:05:31.327
320,01:07:54,18,00:01:42,3,1,,,00:00:36,00:00:35,00:00:30,01:06:48,01:07:24,01:07:54,239.0,303.0,158.0,298.0,MEDIUM,3.0,True,01:06:12,Aston Martin,STR,1,True,2021-09-26 12:07:14.059
321,01:09:37,18,00:01:42,4,1,,,00:00:36,00:00:35,00:00:31,01:08:31,01:09:06,01:09:37,248.0,306.0,156.0,314.0,MEDIUM,4.0,True,01:07:54,Aston Martin,STR,1,True,2021-09-26 12:08:56.768
322,01:11:20,18,00:01:42,5,1,,,00:00:36,00:00:35,00:00:30,01:10:14,01:10:49,01:11:20,,305.0,160.0,302.0,MEDIUM,5.0,True,01:09:37,Aston Martin,STR,1,True,2021-09-26 12:10:39.616
323,01:13:02,18,00:01:42,6,1,,,00:00:36,00:00:35,00:00:30,01:11:56,01:12:32,01:13:02,245.0,303.0,158.0,295.0,MEDIUM,6.0,True,01:11:20,Aston Martin,STR,1,True,2021-09-26 12:12:22.244
324,01:14:44,18,00:01:42,7,1,,,00:00:36,00:00:35,00:00:30,01:13:39,01:14:14,01:14:44,248.0,306.0,159.0,301.0,MEDIUM,7.0,True,01:13:02,Aston Martin,STR,1,True,2021-09-26 12:14:04.570
325,01:16:26,18,00:01:42,8,1,,,00:00:36,00:00:35,00:00:30,01:15:21,01:15:56,01:16:26,250.0,302.0,160.0,311.0,MEDIUM,8.0,True,01:14:44,Aston Martin,STR,1,True,2021-09-26 12:15:46.670
326,01:18:08,18,00:01:41,9,1,,,00:00:36,00:00:35,00:00:30,01:17:02,01:17:38,01:18:08,253.0,306.0,157.0,313.0,MEDIUM,9.0,True,01:16:26,Aston Martin,STR,1,True,2021-09-26 12:17:28.734
327,01:19:51,18,00:01:42,10,1,,,00:00:36,00:00:35,00:00:30,01:18:45,01:19:20,01:19:51,246.0,306.0,158.0,310.0,MEDIUM,10.0,True,01:18:08,Aston Martin,STR,1,True,2021-09-26 12:19:10.733
328,01:21:33,18,00:01:42,11,1,,,00:00:36,00:00:35,00:00:30,01:20:27,01:21:02,01:21:33,250.0,306.0,159.0,311.0,MEDIUM,11.0,True,01:19:51,Aston Martin,STR,1,True,2021-09-26 12:20:53.014
329,01:23:19,18,00:01:46,12,1,,01:23:12,00:00:36,00:00:35,00:00:34,01:22:09,01:22:44,01:23:19,249.0,304.0,,313.0,MEDIUM,12.0,True,01:21:33,Aston Martin,STR,1,False,2021-09-26 12:22:35.237
330,01:25:21,18,00:02:01,13,2,01:23:42,,00:00:57,00:00:35,00:00:29,01:24:17,01:24:52,01:25:21,250.0,276.0,166.0,290.0,HARD,1.0,True,01:23:19,Aston Martin,STR,1,False,2021-09-26 12:24:21.865
331,01:27:02,18,00:01:40,14,2,,,00:00:36,00:00:34,00:00:29,01:25:57,01:26:32,01:27:02,249.0,277.0,163.0,293.0,HARD,2.0,True,01:25:21,Aston Martin,STR,1,True,2021-09-26 12:26:23.257
332,01:28:44,18,00:01:42,15,2,,,00:00:36,00:00:35,00:00:30,01:27:39,01:28:14,01:28:44,,289.0,163.0,286.0,HARD,3.0,True,01:27:02,Aston Martin,STR,1,True,2021-09-26 12:28:04.050
333,01:30:25,18,00:01:41,16,2,,,00:00:36,00:00:35,00:00:29,01:29:20,01:29:55,01:30:25,252.0,286.0,164.0,297.0,HARD,4.0,True,01:28:44,Aston Martin,STR,1,True,2021-09-26 12:29:46.245
334,01:32:06,18,00:01:41,17,2,,,00:00:36,00:00:35,00:00:29,01:31:01,01:31:36,01:32:06,,287.0,164.0,292.0,HARD,5.0,True,01:30:25,Aston Martin,STR,1,True,2021-09-26 12:31:27.303
335,01:33:47,18,00:01:41,18,2,,,00:00:36,00:00:35,00:00:29,01:32:43,01:33:18,01:33:47,248.0,282.0,164.0,290.0,HARD,6.0,True,01:32:06,Aston Martin,STR,1,True,2021-09-26 12:33:08.628
336,01:35:28,18,00:01:41,19,2,,,00:00:36,00:00:35,00:00:29,01:34:24,01:34:59,01:35:28,250.0,284.0,163.0,289.0,HARD,7.0,True,01:33:47,Aston Martin,STR,1,True,2021-09-26 12:34:49.728
337,01:37:10,18,00:01:41,20,2,,,00:00:36,00:00:35,00:00:29,01:36:05,01:36:40,01:37:10,253.0,282.0,166.0,291.0,HARD,8.0,True,01:35:28,Aston Martin,STR,1,True,2021-09-26 12:36:30.761
338,01:38:51,18,00:01:41,21,2,,,00:00:36,00:00:35,00:00:29,01:37:46,01:38:21,01:38:51,252.0,283.0,164.0,287.0,HARD,9.0,True,01:37:10,Aston Martin,STR,1,True,2021-09-26 12:38:11.898
339,01:40:32,18,00:01:40,22,2,,,00:00:36,00:00:34,00:00:29,01:39:27,01:40:02,01:40:32,,284.0,165.0,289.0,HARD,10.0,True,01:38:51,Aston Martin,STR,1,True,2021-09-26 12:39:53.058
340,01:42:12,18,00:01:40,23,2,,,00:00:36,00:00:34,00:00:29,01:41:08,01:41:43,01:42:12,254.0,288.0,165.0,291.0,HARD,11.0,True,01:40:32,Aston Martin,STR,1,True,2021-09-26 12:41:34.022
341,01:43:53,18,00:01:40,24,2,,,00:00:36,00:00:35,00:00:29,01:42:49,01:43:24,01:43:53,252.0,292.0,162.0,294.0,HARD,12.0,True,01:42:12,Aston Martin,STR,1,True,2021-09-26 12:43:14.885
342,01:45:35,18,00:01:41,25,2,,,00:00:36,00:00:35,00:00:29,01:44:30,01:45:05,01:45:35,,286.0,163.0,293.0,HARD,13.0,True,01:43:53,Aston Martin,STR,1,True,2021-09-26 12:44:55.847
343,01:47:16,18,00:01:41,26,2,,,00:00:36,00:00:35,00:00:29,01:46:11,01:46:46,01:47:16,251.0,293.0,162.0,295.0,HARD,14.0,True,01:45:35,Aston Martin,STR,1,True,2021-09-26 12:46:36.924
344,01:48:57,18,00:01:41,27,2,,,00:00:36,00:00:34,00:00:30,01:47:52,01:48:27,01:48:57,,312.0,163.0,,HARD,15.0,True,01:47:16,Aston Martin,STR,1,True,2021-09-26 12:48:17.941
345,01:50:38,18,00:01:40,28,2,,,00:00:35,00:00:34,00:00:30,01:49:33,01:50:08,01:50:38,,305.0,165.0,313.0,HARD,16.0,True,01:48:57,Aston Martin,STR,1,True,2021-09-26 12:49:59.556
346,01:52:20,18,00:01:41,29,2,,,00:00:36,00:00:35,00:00:29,01:51:15,01:51:50,01:52:20,250.0,287.0,167.0,304.0,HARD,17.0,True,01:50:38,Aston Martin,STR,1,True,2021-09-26 12:51:40.520
347,01:54:00,18,00:01:40,30,2,,,00:00:36,00:00:34,00:00:29,01:52:56,01:53:31,01:54:00,253.0,290.0,164.0,306.0,HARD,18.0,True,01:52:20,Aston Martin,STR,1,True,2021-09-26 12:53:21.960
348,01:55:42,18,00:01:42,31,2,,,00:00:36,00:00:35,00:00:31,01:54:36,01:55:11,01:55:42,252.0,290.0,163.0,,HARD,19.0,True,01:54:00,Aston Martin,STR,1,True,2021-09-26 12:55:02.577
349,01:57:24,18,00:01:41,32,2,,,00:00:36,00:00:35,00:00:29,01:56:19,01:56:54,01:57:24,250.0,294.0,163.0,285.0,HARD,20.0,True,01:55:42,Aston Martin,STR,1,True,2021-09-26 12:56:44.811
350,01:59:05,18,00:01:41,33,2,,,00:00:35,00:00:34,00:00:30,01:58:00,01:58:35,01:59:05,252.0,314.0,162.0,299.0,HARD,21.0,True,01:57:24,Aston Martin,STR,1,True,2021-09-26 12:58:26.423
351,02:00:46,18,00:01:40,34,2,,,00:00:35,00:00:34,00:00:30,01:59:41,02:00:16,02:00:46,254.0,317.0,162.0,313.0,HARD,22.0,True,01:59:05,Aston Martin,STR,1,True,2021-09-26 13:00:07.638
352,02:02:27,18,00:01:40,35,2,,,00:00:35,00:00:34,00:00:29,02:01:22,02:01:57,02:02:27,253.0,287.0,164.0,297.0,HARD,23.0,True,02:00:46,Aston Martin,STR,1,True,2021-09-26 13:01:48.521
353,02:04:07,18,00:01:40,36,2,,,00:00:36,00:00:34,00:00:29,02:03:03,02:03:38,02:04:07,252.0,284.0,163.0,290.0,HARD,24.0,True,02:02:27,Aston Martin,STR,1,True,2021-09-26 13:03:28.985
354,02:05:49,18,00:01:41,37,2,,,00:00:36,00:00:35,00:00:29,02:04:43,02:05:19,02:05:49,253.0,288.0,165.0,301.0,HARD,25.0,True,02:04:07,Aston Martin,STR,1,True,2021-09-26 13:05:09.519
355,02:07:30,18,00:01:41,38,2,,,00:00:36,00:00:34,00:00:29,02:06:25,02:07:00,02:07:30,254.0,291.0,161.0,291.0,HARD,26.0,True,02:05:49,Aston Martin,STR,1,True,2021-09-26 13:06:50.911
356,02:09:10,18,00:01:40,39,2,,,00:00:36,00:00:34,00:00:29,02:08:06,02:08:41,02:09:10,256.0,293.0,162.0,292.0,HARD,27.0,True,02:07:30,Aston Martin,STR,1,True,2021-09-26 13:08:31.977
357,02:10:51,18,00:01:40,40,2,,,00:00:35,00:00:34,00:00:29,02:09:46,02:10:21,02:10:51,254.0,294.0,164.0,295.0,HARD,28.0,True,02:09:10,Aston Martin,STR,1,True,2021-09-26 13:10:12.817
358,02:12:32,18,00:01:40,41,2,,,00:00:35,00:00:34,00:00:29,02:11:27,02:12:02,02:12:32,255.0,287.0,164.0,294.0,HARD,29.0,True,02:10:51,Aston Martin,STR,1,True,2021-09-26 13:11:53.393
359,02:14:12,18,00:01:40,42,2,,,00:00:35,00:00:34,00:00:30,,02:13:42,02:14:12,254.0,286.0,161.0,292.0,HARD,30.0,True,02:12:32,Aston Martin,STR,1,True,2021-09-26 13:13:33.901
360,02:15:54,18,00:01:41,43,2,,,00:00:36,00:00:35,00:00:29,02:14:49,02:15:24,02:15:54,,285.0,164.0,290.0,HARD,31.0,True,02:14:12,Aston Martin,STR,1,True,2021-09-26 13:15:14.885
361,02:17:36,18,00:01:41,44,2,,,00:00:36,00:00:34,00:00:30,02:16:30,02:17:05,02:17:36,253.0,283.0,159.0,288.0,HARD,32.0,True,02:15:54,Aston Martin,STR,1,True,2021-09-26 13:16:55.945
362,02:19:17,18,00:01:41,45,2,,,00:00:36,00:00:35,00:00:29,02:18:12,02:18:47,02:19:17,251.0,285.0,164.0,291.0,HARD,33.0,True,02:17:36,Aston Martin,STR,1,True,2021-09-26 13:18:37.921
363,02:20:59,18,00:01:42,46,2,,,00:00:36,00:00:35,00:00:29,02:19:54,02:20:30,02:20:59,243.0,286.0,163.0,289.0,HARD,34.0,True,02:19:17,Aston Martin,STR,1,True,2021-09-26 13:20:19.610
364,02:22:52,18,00:01:52,47,2,,,00:00:37,00:00:44,00:00:31,02:21:37,02:22:21,02:22:52,228.0,292.0,166.0,291.0,HARD,35.0,True,02:20:59,Aston Martin,STR,2,True,2021-09-26 13:22:01.770
365,02:25:08,18,00:02:15,48,2,,02:25:00,00:00:39,00:00:55,00:00:40,02:23:32,02:24:27,02:25:08,203.0,247.0,,260.0,HARD,36.0,True,02:22:52,Aston Martin,STR,2,False,2021-09-26 13:23:54.693
366,02:27:34,18,00:02:26,49,3,02:25:42,,00:01:12,00:00:39,00:00:33,02:26:20,02:27:00,02:27:34,201.0,290.0,145.0,241.0,INTERMEDIATE,1.0,True,02:25:08,Aston Martin,STR,1,False,2021-09-26 13:26:09.955
367,02:29:32,18,00:01:58,50,3,,,00:00:43,00:00:41,00:00:33,02:28:17,02:28:58,02:29:32,195.0,292.0,147.0,257.0,INTERMEDIATE,2.0,True,02:27:34,Aston Martin,STR,2,True,2021-09-26 13:28:36.037
368,02:31:26,18,00:01:54,51,3,,,00:00:39,00:00:40,00:00:33,02:30:12,02:30:52,02:31:26,203.0,282.0,150.0,278.0,INTERMEDIATE,3.0,True,02:29:32,Aston Martin,STR,2,True,2021-09-26 13:30:34.080
369,02:33:17,18,00:01:51,52,3,,,00:00:38,00:00:39,00:00:33,02:32:04,02:32:44,02:33:17,227.0,286.0,146.0,291.0,INTERMEDIATE,4.0,True,02:31:26,Aston Martin,STR,1,True,2021-09-26 13:32:28.159
370,02:35:09,18,00:01:51,53,3,,,00:00:38,00:00:39,00:00:33,02:33:56,02:34:35,02:35:09,214.0,295.0,149.0,281.0,INTERMEDIATE,5.0,True,02:33:17,Aston Martin,STR,1,True,2021-09-26 13:34:19.804
371,01:04:32,11,,1,1,00:23:39,,,00:00:37,00:00:32,,01:04:00,01:04:32,242.0,309.0,153.0,258.0,HARD,1.0,True,01:02:41,Red Bull,PER,1,False,2021-09-26 12:03:43.826
372,01:06:16,11,00:01:43,2,1,,,00:00:36,00:00:36,00:00:30,01:05:09,01:05:45,01:06:16,225.0,295.0,160.0,284.0,HARD,2.0,True,01:04:32,Red Bull,PER,2,True,2021-09-26 12:05:34.634
373,01:07:58,11,00:01:41,3,1,,,00:00:36,00:00:35,00:00:29,01:06:52,01:07:28,01:07:58,248.0,307.0,160.0,281.0,HARD,3.0,True,01:06:16,Red Bull,PER,1,True,2021-09-26 12:07:18.487
374,01:09:40,11,00:01:41,4,1,,,00:00:36,00:00:35,00:00:30,01:08:34,01:09:09,01:09:40,242.0,296.0,158.0,289.0,HARD,4.0,True,01:07:58,Red Bull,PER,1,True,2021-09-26 12:09:00.115
375,01:11:22,11,00:01:42,5,1,,,00:00:36,00:00:35,00:00:30,01:10:16,01:10:51,01:11:22,238.0,316.0,157.0,295.0,HARD,5.0,True,01:09:40,Red Bull,PER,1,True,2021-09-26 12:10:41.896
376,01:13:04,11,00:01:42,6,1,,,00:00:36,00:00:35,00:00:30,01:11:58,01:12:34,01:13:04,235.0,317.0,157.0,287.0,HARD,6.0,True,01:11:22,Red Bull,PER,1,True,2021-09-26 12:12:24.132
377,01:14:46,11,00:01:42,7,1,,,00:00:36,00:00:35,00:00:30,01:13:40,01:14:16,01:14:46,240.0,317.0,161.0,298.0,HARD,7.0,True,01:13:04,Red Bull,PER,1,True,2021-09-26 12:14:06.606
378,01:16:29,11,00:01:42,8,1,,,00:00:36,00:00:35,00:00:30,01:15:23,01:15:58,01:16:29,237.0,319.0,157.0,293.0,HARD,8.0,True,01:14:46,Red Bull,PER,1,True,2021-09-26 12:15:48.852
379,01:18:11,11,00:01:42,9,1,,,00:00:36,00:00:35,00:00:30,01:17:05,01:17:40,01:18:11,240.0,318.0,156.0,290.0,HARD,9.0,True,01:16:29,Red Bull,PER,1,True,2021-09-26 12:17:30.924
380,01:19:53,11,00:01:42,10,1,,,00:00:36,00:00:35,00:00:30,01:18:47,01:19:22,01:19:53,236.0,315.0,155.0,296.0,HARD,10.0,True,01:18:11,Red Bull,PER,1,True,2021-09-26 12:19:13.133
381,01:21:35,11,00:01:42,11,1,,,00:00:36,00:00:35,00:00:30,01:20:29,01:21:04,01:21:35,,318.0,160.0,291.0,HARD,11.0,True,01:19:53,Red Bull,PER,1,True,2021-09-26 12:20:55.295
382,01:23:18,11,00:01:42,12,1,,,00:00:36,00:00:35,00:00:30,01:22:11,01:22:47,01:23:18,242.0,316.0,157.0,289.0,HARD,12.0,True,01:21:35,Red Bull,PER,1,True,2021-09-26 12:22:37.519
383,01:25:00,11,00:01:42,13,1,,,00:00:36,00:00:35,00:00:30,01:23:54,01:24:29,01:25:00,236.0,302.0,160.0,292.0,HARD,13.0,True,01:23:18,Red Bull,PER,1,True,2021-09-26 12:24:20.040
384,01:26:42,11,00:01:41,14,1,,,00:00:36,00:00:35,00:00:30,01:25:36,01:26:11,01:26:42,237.0,315.0,155.0,290.0,HARD,14.0,True,01:25:00,Red Bull,PER,1,True,2021-09-26 12:26:02.120
385,01:28:23,11,00:01:41,15,1,,,00:00:36,00:00:35,00:00:30,01:27:18,01:27:53,01:28:23,248.0,301.0,159.0,283.0,HARD,15.0,True,01:26:42,Red Bull,PER,1,True,2021-09-26 12:27:43.938
386,01:30:05,11,00:01:41,16,1,,,00:00:36,00:00:35,00:00:29,01:28:59,01:29:35,01:30:05,241.0,297.0,160.0,289.0,HARD,16.0,True,01:28:23,Red Bull,PER,1,True,2021-09-26 12:29:25.760
387,01:31:46,11,00:01:41,17,1,,,00:00:36,00:00:35,00:00:30,01:30:41,01:31:16,01:31:46,245.0,300.0,160.0,291.0,HARD,17.0,True,01:30:05,Red Bull,PER,1,True,2021-09-26 12:31:07.132
388,01:33:28,11,00:01:41,18,1,,,00:00:35,00:00:35,00:00:30,01:32:22,01:32:58,01:33:28,243.0,298.0,158.0,300.0,HARD,18.0,True,01:31:46,Red Bull,PER,1,True,2021-09-26 12:32:48.532
389,01:35:09,11,00:01:41,19,1,,,00:00:35,00:00:35,00:00:30,01:34:04,01:34:39,01:35:09,236.0,313.0,160.0,303.0,HARD,19.0,True,01:33:28,Red Bull,PER,1,True,2021-09-26 12:34:30.030
390,01:36:51,11,00:01:41,20,1,,,00:00:35,00:00:35,00:00:30,01:35:45,01:36:21,01:36:51,,300.0,159.0,294.0,HARD,20.0,True,01:35:09,Red Bull,PER,1,True,2021-09-26 12:36:11.667
391,01:38:33,11,00:01:41,21,1,,,00:00:35,00:00:35,00:00:30,01:37:27,01:38:02,01:38:33,243.0,318.0,159.0,301.0,HARD,21.0,True,01:36:51,Red Bull,PER,1,True,2021-09-26 12:37:53.375
392,01:40:14,11,00:01:41,22,1,,,00:00:36,00:00:35,00:00:29,01:39:09,01:39:44,01:40:14,248.0,302.0,158.0,284.0,HARD,22.0,True,01:38:33,Red Bull,PER,1,True,2021-09-26 12:39:34.990
393,01:41:55,11,00:01:40,23,1,,,00:00:35,00:00:35,00:00:29,01:40:50,01:41:25,01:41:55,253.0,293.0,160.0,298.0,HARD,23.0,True,01:40:14,Red Bull,PER,1,True,2021-09-26 12:41:16.620
394,01:43:35,11,00:01:40,24,1,,,00:00:35,00:00:35,00:00:29,01:42:31,01:43:06,01:43:35,252.0,293.0,162.0,289.0,HARD,24.0,True,01:41:55,Red Bull,PER,1,True,2021-09-26 12:42:57.291
395,01:45:16,11,00:01:40,25,1,,,00:00:36,00:00:34,00:00:29,01:44:11,01:44:46,01:45:16,253.0,293.0,160.0,297.0,HARD,25.0,True,01:43:35,Red Bull,PER,1,True,2021-09-26 12:44:37.816
396,01:46:56,11,00:01:40,26,1,,,00:00:36,00:00:34,00:00:29,01:45:52,01:46:27,01:46:56,252.0,296.0,160.0,295.0,HARD,26.0,True,01:45:16,Red Bull,PER,1,True,2021-09-26 12:46:18.063
397,01:48:35,11,00:01:39,27,1,,,00:00:35,00:00:34,00:00:28,01:47:32,01:48:06,01:48:35,258.0,293.0,161.0,291.0,HARD,27.0,True,01:46:56,Red Bull,PER,1,True,2021-09-26 12:47:58.318
398,01:50:15,11,00:01:39,28,1,,,00:00:35,00:00:34,00:00:29,01:49:11,01:49:46,01:50:15,,291.0,160.0,,HARD,28.0,True,01:48:35,Red Bull,PER,1,True,2021-09-26 12:49:37.865
399,01:51:55,11,00:01:39,29,1,,,00:00:35,00:00:34,00:00:28,01:50:51,01:51:26,01:51:55,259.0,292.0,161.0,,HARD,29.0,True,01:50:15,Red Bull,PER,1,True,2021-09-26 12:51:17.753
400,01:53:34,11,00:01:39,30,1,,,00:00:35,00:00:34,00:00:28,01:52:31,01:53:05,01:53:34,,292.0,162.0,,HARD,30.0,True,01:51:55,Red Bull,PER,1,True,2021-09-26 12:52:57.269
401,01:55:14,11,00:01:39,31,1,,,00:00:35,00:00:34,00:00:28,01:54:10,01:54:45,01:55:14,,293.0,160.0,,HARD,31.0,True,01:53:34,Red Bull,PER,1,True,2021-09-26 12:54:36.816
402,01:56:53,11,00:01:39,32,1,,,00:00:35,00:00:34,00:00:29,01:55:50,01:56:24,01:56:53,258.0,291.0,160.0,292.0,HARD,32.0,True,01:55:14,Red Bull,PER,1,True,2021-09-26 12:56:16.176
403,01:58:33,11,00:01:39,33,1,,,00:00:35,00:00:34,00:00:28,01:57:29,01:58:04,01:58:33,260.0,293.0,162.0,,HARD,33.0,True,01:56:53,Red Bull,PER,1,True,2021-09-26 12:57:55.794
404,02:00:13,11,00:01:39,34,1,,,00:00:35,00:00:34,00:00:29,01:59:09,01:59:44,02:00:13,,292.0,159.0,,HARD,34.0,True,01:58:33,Red Bull,PER,1,True,2021-09-26 12:59:35.350
405,02:01:53,11,00:01:40,35,1,,,00:00:36,00:00:35,00:00:29,02:00:49,02:01:24,02:01:53,,294.0,158.0,293.0,HARD,35.0,True,02:00:13,Red Bull,PER,1,True,2021-09-26 13:01:14.975
406,02:03:39,11,00:01:45,36,1,,02:03:30,00:00:36,00:00:35,00:00:34,02:02:29,02:03:04,02:03:39,256.0,292.0,,,HARD,36.0,True,02:01:53,Red Bull,PER,1,False,2021-09-26 13:02:55.359
407,02:05:45,11,00:02:05,37,2,02:04:06,,00:01:02,00:00:34,00:00:29,02:04:41,02:05:15,02:05:45,251.0,297.0,167.0,292.0,MEDIUM,1.0,True,02:03:39,Red Bull,PER,1,False,2021-09-26 13:04:41.167
408,02:07:24,11,00:01:39,38,2,,,00:00:35,00:00:34,00:00:29,02:06:20,02:06:55,02:07:24,258.0,300.0,167.0,284.0,MEDIUM,2.0,True,02:05:45,Red Bull,PER,1,True,2021-09-26 13:06:47.079
409,02:09:04,11,00:01:39,39,2,,,00:00:35,00:00:34,00:00:29,02:08:00,02:08:34,02:09:04,257.0,314.0,165.0,302.0,MEDIUM,3.0,True,02:07:24,Red Bull,PER,1,True,2021-09-26 13:08:26.539
410,02:10:43,11,00:01:39,40,2,,,00:00:35,00:00:34,00:00:29,02:09:39,02:10:14,02:10:43,248.0,299.0,162.0,300.0,MEDIUM,4.0,True,02:09:04,Red Bull,PER,1,True,2021-09-26 13:10:06.170
411,02:12:24,11,00:01:40,41,2,,,00:00:36,00:00:34,00:00:29,02:11:20,02:11:54,02:12:24,250.0,296.0,163.0,327.0,MEDIUM,5.0,True,02:10:43,Red Bull,PER,1,True,2021-09-26 13:11:45.863
412,02:14:03,11,00:01:39,42,2,,,00:00:35,00:00:34,00:00:29,02:12:59,02:13:34,02:14:03,256.0,297.0,163.0,293.0,MEDIUM,6.0,True,02:12:24,Red Bull,PER,1,True,2021-09-26 13:13:26.059
413,02:15:42,11,00:01:39,43,2,,,00:00:35,00:00:34,00:00:29,02:14:38,02:15:13,02:15:42,,301.0,165.0,297.0,MEDIUM,7.0,True,02:14:03,Red Bull,PER,1,True,2021-09-26 13:15:05.277
414,02:17:22,11,00:01:40,44,2,,,00:00:35,00:00:34,00:00:30,02:16:18,02:16:52,02:17:22,249.0,323.0,169.0,313.0,MEDIUM,8.0,True,02:15:42,Red Bull,PER,1,True,2021-09-26 13:16:44.752
415,02:19:02,11,00:01:39,45,2,,,00:00:35,00:00:34,00:00:28,02:17:58,02:18:33,02:19:02,247.0,295.0,165.0,296.0,MEDIUM,9.0,True,02:17:22,Red Bull,PER,1,True,2021-09-26 13:18:24.830
416,02:20:41,11,00:01:39,46,2,,,00:00:35,00:00:35,00:00:28,02:19:37,02:20:12,02:20:41,,293.0,164.0,292.0,MEDIUM,10.0,True,02:19:02,Red Bull,PER,1,True,2021-09-26 13:20:04.045
417,02:22:26,11,00:01:44,47,2,,,00:00:36,00:00:39,00:00:29,02:21:18,02:21:57,02:22:26,204.0,313.0,168.0,295.0,MEDIUM,11.0,True,02:20:41,Red Bull,PER,2,True,2021-09-26 13:21:43.413
418,02:24:29,11,00:02:03,48,2,,,00:00:41,00:00:43,00:00:38,02:23:07,02:23:50,02:24:29,203.0,278.0,155.0,242.0,MEDIUM,12.0,True,02:22:26,Red Bull,PER,2,True,2021-09-26 13:23:28.333
419,02:26:23,11,00:01:54,49,2,,,00:00:39,00:00:42,00:00:32,02:25:09,02:25:51,02:26:23,211.0,295.0,156.0,250.0,MEDIUM,13.0,True,02:24:29,Red Bull,PER,1,True,2021-09-26 13:25:31.467
420,02:28:46,11,00:02:22,50,2,,02:28:35,00:00:41,00:00:51,00:00:48,02:27:05,02:27:57,02:28:46,172.0,254.0,,236.0,MEDIUM,14.0,True,02:26:23,Red Bull,PER,2,False,2021-09-26 13:27:25.592
421,02:31:05,11,00:02:19,51,3,02:29:07,,00:01:02,00:00:42,00:00:34,02:29:48,02:30:30,02:31:05,169.0,291.0,155.0,226.0,INTERMEDIATE,1.0,True,02:28:46,Red Bull,PER,2,False,2021-09-26 13:29:47.926
422,02:33:00,11,00:01:54,52,3,,,00:00:41,00:00:39,00:00:33,02:31:46,02:32:26,02:33:00,196.0,301.0,150.0,268.0,INTERMEDIATE,2.0,True,02:31:05,Red Bull,PER,1,True,2021-09-26 13:32:07.093
423,02:34:53,11,00:01:53,53,3,,,00:00:39,00:00:40,00:00:33,02:33:39,02:34:19,02:34:53,214.0,306.0,145.0,244.0,INTERMEDIATE,3.0,True,02:33:00,Red Bull,PER,1,True,2021-09-26 13:34:01.968
424,01:04:33,31,,1,1,00:22:48,,,00:00:38,00:00:32,,01:04:01,01:04:33,223.0,306.0,155.0,246.0,MEDIUM,1.0,True,01:02:41,Alpine F1 Team,OCO,1,False,2021-09-26 12:03:43.826
425,01:06:17,31,00:01:44,2,1,,,00:00:36,00:00:36,00:00:30,01:05:10,01:05:46,01:06:17,238.0,291.0,161.0,279.0,MEDIUM,2.0,True,01:04:33,Alpine F1 Team,OCO,2,True,2021-09-26 12:05:35.150
426,01:08:00,31,00:01:42,3,1,,,00:00:36,00:00:35,00:00:30,01:06:54,01:07:29,01:08:00,237.0,292.0,161.0,286.0,MEDIUM,3.0,True,01:06:17,Alpine F1 Team,OCO,1,True,2021-09-26 12:07:19.445
427,01:09:42,31,00:01:42,4,1,,,00:00:36,00:00:35,00:00:30,01:08:36,01:09:12,01:09:42,240.0,310.0,158.0,291.0,MEDIUM,4.0,True,01:08:00,Alpine F1 Team,OCO,1,True,2021-09-26 12:09:02.396
428,01:11:25,31,00:01:42,5,1,,,00:00:36,00:00:35,00:00:30,01:10:19,01:10:55,01:11:25,238.0,293.0,161.0,290.0,MEDIUM,5.0,True,01:09:42,Alpine F1 Team,OCO,1,True,2021-09-26 12:10:44.852
429,01:13:08,31,00:01:42,6,1,,,00:00:36,00:00:35,00:00:30,01:12:02,01:12:38,01:13:08,236.0,291.0,163.0,,MEDIUM,6.0,True,01:11:25,Alpine F1 Team,OCO,1,True,2021-09-26 12:12:27.605
430,01:14:50,31,00:01:42,7,1,,,00:00:36,00:00:35,00:00:30,01:13:44,01:14:20,01:14:50,247.0,292.0,162.0,299.0,MEDIUM,7.0,True,01:13:08,Alpine F1 Team,OCO,1,True,2021-09-26 12:14:10.240
431,01:16:33,31,00:01:42,8,1,,,00:00:36,00:00:35,00:00:30,01:15:27,01:16:02,01:16:33,242.0,292.0,157.0,290.0,MEDIUM,8.0,True,01:14:50,Alpine F1 Team,OCO,1,True,2021-09-26 12:15:52.540
432,01:18:15,31,00:01:42,9,1,,,00:00:36,00:00:35,00:00:30,01:17:09,01:17:45,01:18:15,246.0,291.0,160.0,284.0,MEDIUM,9.0,True,01:16:33,Alpine F1 Team,OCO,1,True,2021-09-26 12:17:35.197
433,01:19:57,31,00:01:42,10,1,,,00:00:36,00:00:35,00:00:30,01:18:52,01:19:27,01:19:57,248.0,290.0,161.0,285.0,MEDIUM,10.0,True,01:18:15,Alpine F1 Team,OCO,1,True,2021-09-26 12:19:17.635
434,01:21:40,31,00:01:42,11,1,,,00:00:36,00:00:35,00:00:30,01:20:34,01:21:09,01:21:40,245.0,290.0,161.0,289.0,MEDIUM,11.0,True,01:19:57,Alpine F1 Team,OCO,1,True,2021-09-26 12:20:59.890
435,01:23:22,31,00:01:42,12,1,,,00:00:36,00:00:35,00:00:30,01:22:16,01:22:52,01:23:22,244.0,291.0,160.0,286.0,MEDIUM,12.0,True,01:21:40,Alpine F1 Team,OCO,1,True,2021-09-26 12:22:42.116
436,01:25:04,31,00:01:42,13,1,,,00:00:36,00:00:35,00:00:30,,01:24:34,01:25:04,248.0,288.0,158.0,281.0,MEDIUM,13.0,True,01:23:22,Alpine F1 Team,OCO,1,True,2021-09-26 12:24:24.450
437,01:26:47,31,00:01:42,14,1,,,00:00:36,00:00:35,00:00:30,01:25:41,01:26:16,01:26:47,246.0,287.0,159.0,286.0,MEDIUM,14.0,True,01:25:04,Alpine F1 Team,OCO,1,True,2021-09-26 12:26:06.693
438,01:28:33,31,00:01:46,15,1,,01:28:26,00:00:36,00:00:35,00:00:34,01:27:23,01:27:59,01:28:33,243.0,288.0,,291.0,MEDIUM,15.0,True,01:26:47,Alpine F1 Team,OCO,1,False,2021-09-26 12:27:48.971
439,01:30:35,31,00:02:01,16,2,01:28:55,,00:00:57,00:00:35,00:00:29,01:29:30,01:30:05,01:30:35,252.0,286.0,165.0,277.0,HARD,1.0,True,01:28:33,Alpine F1 Team,OCO,1,False,2021-09-26 12:29:35.702
440,01:32:16,31,00:01:40,17,2,,,00:00:36,00:00:35,00:00:29,01:31:11,01:31:47,01:32:16,246.0,287.0,166.0,281.0,HARD,2.0,True,01:30:35,Alpine F1 Team,OCO,1,True,2021-09-26 12:31:37.481
441,01:33:57,31,00:01:40,18,2,,,00:00:36,00:00:35,00:00:29,01:32:52,01:33:27,01:33:57,249.0,286.0,162.0,288.0,HARD,3.0,True,01:32:16,Alpine F1 Team,OCO,1,True,2021-09-26 12:33:18.360
442,01:35:38,31,00:01:40,19,2,,,00:00:36,00:00:34,00:00:29,01:34:33,01:35:08,01:35:38,247.0,289.0,163.0,292.0,HARD,4.0,True,01:33:57,Alpine F1 Team,OCO,1,True,2021-09-26 12:34:59.310
443,01:37:19,31,00:01:41,20,2,,,00:00:36,00:00:35,00:00:29,01:36:14,01:36:49,01:37:19,,290.0,165.0,291.0,HARD,5.0,True,01:35:38,Alpine F1 Team,OCO,1,True,2021-09-26 12:36:40.085
444,01:39:00,31,00:01:41,21,2,,,00:00:36,00:00:34,00:00:30,01:37:55,01:38:30,01:39:00,255.0,313.0,163.0,296.0,HARD,6.0,True,01:37:19,Alpine F1 Team,OCO,1,True,2021-09-26 12:38:21.285
445,01:40:41,31,00:01:40,22,2,,,00:00:35,00:00:35,00:00:29,01:39:36,01:40:11,01:40:41,250.0,321.0,163.0,325.0,HARD,7.0,True,01:39:00,Alpine F1 Team,OCO,1,True,2021-09-26 12:40:02.294
446,01:42:22,31,00:01:40,23,2,,,00:00:36,00:00:35,00:00:29,01:41:17,01:41:52,01:42:22,254.0,286.0,164.0,290.0,HARD,8.0,True,01:40:41,Alpine F1 Team,OCO,1,True,2021-09-26 12:41:43.031
447,01:44:03,31,00:01:41,24,2,,,00:00:36,00:00:35,00:00:29,01:42:58,01:43:34,01:44:03,246.0,289.0,163.0,285.0,HARD,9.0,True,01:42:22,Alpine F1 Team,OCO,1,True,2021-09-26 12:43:24.017
448,01:45:44,31,00:01:40,25,2,,,00:00:36,00:00:35,00:00:29,01:44:39,01:45:14,01:45:44,253.0,287.0,161.0,293.0,HARD,10.0,True,01:44:03,Alpine F1 Team,OCO,1,True,2021-09-26 12:45:05.713
449,01:47:25,31,00:01:40,26,2,,,00:00:36,00:00:35,00:00:29,01:46:20,01:46:55,01:47:25,246.0,289.0,161.0,291.0,HARD,11.0,True,01:45:44,Alpine F1 Team,OCO,1,True,2021-09-26 12:46:46.417
450,01:49:07,31,00:01:41,27,2,,,00:00:36,00:00:35,00:00:29,01:48:02,01:48:37,01:49:07,241.0,291.0,162.0,305.0,HARD,12.0,True,01:47:25,Alpine F1 Team,OCO,1,True,2021-09-26 12:48:27.313
451,01:50:48,31,00:01:41,28,2,,,00:00:36,00:00:35,00:00:29,01:49:43,01:50:18,01:50:48,250.0,291.0,161.0,288.0,HARD,13.0,True,01:49:07,Alpine F1 Team,OCO,1,True,2021-09-26 12:50:09.085
452,01:52:29,31,00:01:40,29,2,,,00:00:35,00:00:34,00:00:29,01:51:24,01:51:59,01:52:29,255.0,293.0,160.0,296.0,HARD,14.0,True,01:50:48,Alpine F1 Team,OCO,1,True,2021-09-26 12:51:50.114
453,01:54:09,31,00:01:40,30,2,,,00:00:35,00:00:35,00:00:29,01:53:05,01:53:40,01:54:09,244.0,292.0,162.0,290.0,HARD,15.0,True,01:52:29,Alpine F1 Team,OCO,1,True,2021-09-26 12:53:30.923
454,01:55:50,31,00:01:40,31,2,,,00:00:36,00:00:34,00:00:29,01:54:45,01:55:20,01:55:50,251.0,292.0,162.0,296.0,HARD,16.0,True,01:54:09,Alpine F1 Team,OCO,1,True,2021-09-26 12:55:11.852
455,01:57:31,31,00:01:40,32,2,,,00:00:36,00:00:35,00:00:29,01:56:26,01:57:01,01:57:31,,292.0,157.0,294.0,HARD,17.0,True,01:55:50,Alpine F1 Team,OCO,1,True,2021-09-26 12:56:52.647
456,01:59:12,31,00:01:40,33,2,,,00:00:36,00:00:35,00:00:29,01:58:07,01:58:42,01:59:12,254.0,291.0,161.0,292.0,HARD,18.0,True,01:57:31,Alpine F1 Team,OCO,1,True,2021-09-26 12:58:33.580
457,02:00:53,31,00:01:40,34,2,,,00:00:35,00:00:34,00:00:29,01:59:48,02:00:23,02:00:53,249.0,292.0,159.0,294.0,HARD,19.0,True,01:59:12,Alpine F1 Team,OCO,1,True,2021-09-26 13:00:14.387
458,02:02:33,31,00:01:40,35,2,,,00:00:35,00:00:34,00:00:29,02:01:28,02:02:03,02:02:33,254.0,289.0,161.0,295.0,HARD,20.0,True,02:00:53,Alpine F1 Team,OCO,1,True,2021-09-26 13:01:54.985
459,02:04:14,31,00:01:40,36,2,,,00:00:36,00:00:35,00:00:29,02:03:10,02:03:45,02:04:14,252.0,288.0,161.0,291.0,HARD,21.0,True,02:02:33,Alpine F1 Team,OCO,1,True,2021-09-26 13:03:35.771
460,02:05:55,31,00:01:40,37,2,,,00:00:36,00:00:35,00:00:29,02:04:50,02:05:25,02:05:55,253.0,289.0,162.0,305.0,HARD,22.0,True,02:04:14,Alpine F1 Team,OCO,1,True,2021-09-26 13:05:16.553
461,02:07:36,31,00:01:40,38,2,,,00:00:36,00:00:35,00:00:29,02:06:31,02:07:06,02:07:36,,289.0,160.0,293.0,HARD,23.0,True,02:05:55,Alpine F1 Team,OCO,1,True,2021-09-26 13:06:57.267
462,02:09:16,31,00:01:40,39,2,,,00:00:36,00:00:34,00:00:29,02:08:12,02:08:47,02:09:16,256.0,290.0,162.0,294.0,HARD,24.0,True,02:07:36,Alpine F1 Team,OCO,1,True,2021-09-26 13:08:38.073
463,02:10:58,31,00:01:41,40,2,,,00:00:35,00:00:34,00:00:30,02:09:52,02:10:27,02:10:58,255.0,300.0,156.0,304.0,HARD,25.0,True,02:09:16,Alpine F1 Team,OCO,1,True,2021-09-26 13:10:18.682
464,02:12:39,31,00:01:40,41,2,,,00:00:36,00:00:35,00:00:29,02:11:34,02:12:09,02:12:39,254.0,288.0,159.0,295.0,HARD,26.0,True,02:10:58,Alpine F1 Team,OCO,1,True,2021-09-26 13:12:00.212
465,02:14:20,31,00:01:41,42,2,,,00:00:36,00:00:35,00:00:30,02:13:15,02:13:50,02:14:20,244.0,298.0,159.0,293.0,HARD,27.0,True,02:12:39,Alpine F1 Team,OCO,1,True,2021-09-26 13:13:41.117
466,02:16:01,31,00:01:40,43,2,,,00:00:36,00:00:35,00:00:29,02:14:56,02:15:31,02:16:01,256.0,290.0,158.0,292.0,HARD,28.0,True,02:14:20,Alpine F1 Team,OCO,1,True,2021-09-26 13:15:22.478
467,02:17:42,31,00:01:41,44,2,,,00:00:36,00:00:35,00:00:30,02:16:37,02:17:12,02:17:42,253.0,298.0,156.0,293.0,HARD,29.0,True,02:16:01,Alpine F1 Team,OCO,1,True,2021-09-26 13:17:03.330
468,02:19:24,31,00:01:41,45,2,,,00:00:36,00:00:35,00:00:29,02:18:19,02:18:54,02:19:24,254.0,289.0,158.0,294.0,HARD,30.0,True,02:17:42,Alpine F1 Team,OCO,1,True,2021-09-26 13:18:44.832
469,02:21:06,31,00:01:42,46,2,,,00:00:36,00:00:36,00:00:29,02:20:00,02:20:36,02:21:06,234.0,291.0,158.0,293.0,HARD,31.0,True,02:19:24,Alpine F1 Team,OCO,1,True,2021-09-26 13:20:26.265
470,02:22:59,31,00:01:52,47,2,,,00:00:37,00:00:42,00:00:33,02:21:43,02:22:26,02:22:59,198.0,308.0,161.0,291.0,HARD,32.0,True,02:21:06,Alpine F1 Team,OCO,2,True,2021-09-26 13:22:08.412
471,02:25:01,31,00:02:01,48,2,,,00:00:39,00:00:45,00:00:36,02:23:38,02:24:24,02:25:01,,285.0,145.0,243.0,HARD,33.0,True,02:22:59,Alpine F1 Team,OCO,2,True,2021-09-26 13:24:01.248
472,02:27:01,31,00:02:00,49,2,,,00:00:40,00:00:45,00:00:34,02:25:41,02:26:27,02:27:01,204.0,289.0,137.0,247.0,HARD,34.0,True,02:25:01,Alpine F1 Team,OCO,1,True,2021-09-26 13:26:02.974
473,02:30:06,31,,50,2,,02:29:57,00:00:53,00:01:15,00:00:56,02:27:55,02:29:11,02:30:07,130.0,149.0,,248.0,HARD,35.0,True,02:27:01,Alpine F1 Team,OCO,2,False,2021-09-26 13:28:03.314
474,02:32:22,31,00:02:15,51,3,02:30:30,,00:01:02,00:00:39,00:00:33,02:31:09,02:31:48,02:32:22,214.0,296.0,148.0,238.0,INTERMEDIATE,1.0,True,02:30:06,Alpine F1 Team,OCO,1,False,2021-09-26 13:31:08.831
475,02:34:12,31,00:01:50,52,3,,,00:00:39,00:00:38,00:00:33,02:33:01,02:33:39,02:34:12,225.0,297.0,147.0,272.0,INTERMEDIATE,2.0,True,02:32:22,Alpine F1 Team,OCO,1,True,2021-09-26 13:33:24.192
476,01:04:34,5,,1,1,00:21:57,,,00:00:38,00:00:32,,01:04:01,01:04:34,218.0,300.0,158.0,242.0,MEDIUM,1.0,True,01:02:41,Aston Martin,VET,1,False,2021-09-26 12:03:43.826
477,01:06:19,5,00:01:44,2,1,,,00:00:37,00:00:36,00:00:30,01:05:11,01:05:48,01:06:19,225.0,288.0,161.0,260.0,MEDIUM,2.0,True,01:04:34,Aston Martin,VET,2,True,2021-09-26 12:05:36.319
478,01:08:02,5,00:01:43,3,1,,,00:00:36,00:00:35,00:00:30,01:06:55,01:07:31,01:08:02,237.0,306.0,160.0,286.0,MEDIUM,3.0,True,01:06:19,Aston Martin,VET,1,True,2021-09-26 12:07:20.957
479,01:09:44,5,00:01:42,4,1,,,00:00:36,00:00:35,00:00:30,01:08:38,01:09:13,01:09:44,235.0,314.0,152.0,283.0,MEDIUM,4.0,True,01:08:02,Aston Martin,VET,1,True,2021-09-26 12:09:04.016
480,01:11:27,5,00:01:43,5,1,,,00:00:36,00:00:35,00:00:30,01:10:21,01:10:56,01:11:27,227.0,313.0,152.0,288.0,MEDIUM,5.0,True,01:09:44,Aston Martin,VET,1,True,2021-09-26 12:10:46.364
481,01:13:10,5,00:01:42,6,1,,,00:00:36,00:00:35,00:00:30,01:12:04,01:12:39,01:13:10,243.0,307.0,156.0,311.0,MEDIUM,6.0,True,01:11:27,Aston Martin,VET,1,True,2021-09-26 12:12:29.508
482,01:14:52,5,00:01:42,7,1,,,00:00:36,00:00:35,00:00:30,01:13:46,01:14:22,01:14:52,249.0,310.0,150.0,313.0,MEDIUM,7.0,True,01:13:10,Aston Martin,VET,1,True,2021-09-26 12:14:12.281
483,01:16:35,5,00:01:42,8,1,,,00:00:36,00:00:35,00:00:30,01:15:29,01:16:04,01:16:35,248.0,311.0,155.0,298.0,MEDIUM,8.0,True,01:14:52,Aston Martin,VET,1,True,2021-09-26 12:15:54.597
484,01:18:17,5,00:01:42,9,1,,,00:00:36,00:00:35,00:00:30,01:17:11,01:17:47,01:18:17,246.0,309.0,148.0,305.0,MEDIUM,9.0,True,01:16:35,Aston Martin,VET,1,True,2021-09-26 12:17:37.022
485,01:20:01,5,00:01:43,10,1,,,00:00:36,00:00:36,00:00:29,01:18:54,01:19:31,01:20:01,247.0,287.0,156.0,322.0,MEDIUM,10.0,True,01:18:17,Aston Martin,VET,1,True,2021-09-26 12:19:19.631
486,01:21:43,5,00:01:41,11,1,,,00:00:36,00:00:35,00:00:30,01:20:37,01:21:12,01:21:43,245.0,287.0,157.0,295.0,MEDIUM,11.0,True,01:20:01,Aston Martin,VET,1,True,2021-09-26 12:21:02.973
487,01:23:25,5,00:01:42,12,1,,,00:00:36,00:00:35,00:00:30,01:22:19,01:22:55,01:23:25,247.0,293.0,158.0,294.0,MEDIUM,12.0,True,01:21:43,Aston Martin,VET,1,True,2021-09-26 12:22:44.928
488,01:25:08,5,00:01:43,13,1,,,00:00:36,00:00:35,00:00:31,01:24:01,01:24:37,01:25:08,248.0,284.0,154.0,291.0,MEDIUM,13.0,True,01:23:25,Aston Martin,VET,1,True,2021-09-26 12:24:27.208
489,01:26:52,5,00:01:43,14,1,,,00:00:37,00:00:35,00:00:30,01:25:45,01:26:21,01:26:52,244.0,289.0,153.0,296.0,MEDIUM,14.0,True,01:25:08,Aston Martin,VET,1,True,2021-09-26 12:26:10.795
490,01:28:34,5,00:01:42,15,1,,,00:00:36,00:00:35,00:00:30,01:27:28,01:28:04,01:28:34,248.0,286.0,158.0,305.0,MEDIUM,15.0,True,01:26:52,Aston Martin,VET,1,True,2021-09-26 12:27:54.242
491,01:30:16,5,00:01:41,16,1,,,00:00:36,00:00:35,00:00:29,01:29:11,01:29:46,01:30:16,251.0,282.0,157.0,288.0,MEDIUM,16.0,True,01:28:34,Aston Martin,VET,1,True,2021-09-26 12:29:36.607
492,01:31:58,5,00:01:41,17,1,,,00:00:36,00:00:35,00:00:29,01:30:53,01:31:28,01:31:58,254.0,284.0,160.0,287.0,MEDIUM,17.0,True,01:30:16,Aston Martin,VET,1,True,2021-09-26 12:31:18.442
493,01:33:39,5,00:01:41,18,1,,,00:00:36,00:00:35,00:00:29,01:32:34,01:33:09,01:33:39,252.0,280.0,158.0,289.0,MEDIUM,18.0,True,01:31:58,Aston Martin,VET,1,True,2021-09-26 12:33:00.016
494,01:35:20,5,00:01:41,19,1,,,00:00:36,00:00:35,00:00:29,01:34:16,01:34:51,01:35:20,,284.0,156.0,290.0,MEDIUM,19.0,True,01:33:39,Aston Martin,VET,1,True,2021-09-26 12:34:41.469
495,01:37:03,5,00:01:42,20,1,,,00:00:37,00:00:35,00:00:29,01:35:58,01:36:33,01:37:03,,282.0,162.0,288.0,MEDIUM,20.0,True,01:35:20,Aston Martin,VET,1,True,2021-09-26 12:36:22.794
496,01:38:44,5,00:01:41,21,1,,,00:00:36,00:00:35,00:00:29,01:37:39,01:38:14,01:38:44,254.0,284.0,160.0,282.0,MEDIUM,21.0,True,01:37:03,Aston Martin,VET,1,True,2021-09-26 12:38:04.968
497,01:40:25,5,00:01:41,22,1,,,00:00:36,00:00:35,00:00:29,01:39:20,01:39:56,01:40:25,,280.0,161.0,290.0,MEDIUM,22.0,True,01:38:44,Aston Martin,VET,1,True,2021-09-26 12:39:46.368
498,01:42:07,5,00:01:41,23,1,,,00:00:36,00:00:35,00:00:29,01:41:02,01:41:37,01:42:07,253.0,281.0,159.0,287.0,MEDIUM,23.0,True,01:40:25,Aston Martin,VET,1,True,2021-09-26 12:41:27.738
499,01:43:48,5,00:01:41,24,1,,,00:00:36,00:00:35,00:00:29,01:42:43,01:43:18,01:43:48,,279.0,161.0,286.0,MEDIUM,24.0,True,01:42:07,Aston Martin,VET,1,True,2021-09-26 12:43:09.089
500,01:45:30,5,00:01:41,25,1,,,00:00:36,00:00:35,00:00:29,01:44:25,01:45:00,01:45:30,254.0,277.0,158.0,,MEDIUM,25.0,True,01:43:48,Aston Martin,VET,1,True,2021-09-26 12:44:50.508
501,01:47:15,5,00:01:45,26,1,,01:47:07,00:00:36,00:00:35,00:00:34,01:46:06,01:46:41,01:47:15,253.0,280.0,,,MEDIUM,26.0,True,01:45:30,Aston Martin,VET,1,False,2021-09-26 12:46:31.968
502,01:49:15,5,00:01:59,27,2,01:47:37,,00:00:56,00:00:34,00:00:28,01:48:11,01:48:46,01:49:15,253.0,283.0,167.0,296.0,HARD,,True,01:47:15,Aston Martin,VET,1,False,2021-09-26 12:48:17.793
503,01:50:55,5,00:01:39,28,2,,,00:00:35,00:00:34,00:00:29,01:49:51,01:50:26,01:50:55,255.0,287.0,164.0,292.0,HARD,,True,01:49:15,Aston Martin,VET,1,True,2021-09-26 12:50:17.613
504,01:52:36,5,00:01:41,29,2,,,00:00:36,00:00:34,00:00:30,01:51:31,01:52:05,01:52:36,,318.0,164.0,296.0,HARD,,True,01:50:55,Aston Martin,VET,1,True,2021-09-26 12:51:57.172
505,01:54:16,5,00:01:39,30,2,,,00:00:36,00:00:34,00:00:28,01:53:12,01:53:47,01:54:16,253.0,280.0,167.0,289.0,HARD,,True,01:52:36,Aston Martin,VET,1,True,2021-09-26 12:53:38.176
506,01:55:55,5,00:01:39,31,2,,,00:00:35,00:00:34,00:00:28,01:54:52,01:55:26,01:55:55,,285.0,165.0,293.0,HARD,,True,01:54:16,Aston Martin,VET,1,True,2021-09-26 12:55:18.166
507,01:57:35,5,00:01:39,32,2,,,00:00:35,00:00:34,00:00:29,01:56:31,01:57:06,01:57:35,255.0,285.0,164.0,291.0,HARD,,True,01:55:55,Aston Martin,VET,1,True,2021-09-26 12:56:57.524
508,01:59:15,5,00:01:39,33,2,,,00:00:35,00:00:34,00:00:29,01:58:11,01:58:46,01:59:15,253.0,287.0,162.0,292.0,HARD,,True,01:57:35,Aston Martin,VET,1,True,2021-09-26 12:58:37.310
509,02:00:55,5,,34,2,,,00:00:35,00:00:34,00:00:29,01:59:51,02:00:25,02:00:55,255.0,300.0,160.0,294.0,HARD,,True,01:59:15,Aston Martin,VET,1,True,2021-09-26 13:00:17.202
510,02:02:35,5,00:01:40,35,2,,,00:00:35,00:00:34,00:00:29,02:01:31,02:02:05,02:02:35,250.0,307.0,160.0,307.0,HARD,,True,02:00:55,Aston Martin,VET,1,True,2021-09-26 13:01:57.202
511,02:04:16,5,00:01:40,36,2,,,00:00:36,00:00:34,00:00:30,02:03:11,02:03:46,02:04:16,252.0,313.0,159.0,289.0,HARD,,True,02:02:35,Aston Martin,VET,1,True,2021-09-26 13:03:37.512
512,02:05:56,5,00:01:40,37,2,,,00:00:35,00:00:34,00:00:30,02:04:52,02:05:26,02:05:56,,316.0,158.0,314.0,HARD,,True,02:04:16,Aston Martin,VET,1,True,2021-09-26 13:05:18.184
513,02:07:37,5,00:01:40,38,2,,,00:00:35,00:00:34,00:00:30,02:06:32,02:07:07,02:07:37,246.0,314.0,158.0,310.0,HARD,,True,02:05:56,Aston Martin,VET,1,True,2021-09-26 13:06:58.839
514,02:09:19,5,00:01:41,39,2,,,00:00:36,00:00:34,00:00:30,02:08:13,02:08:48,02:09:19,250.0,320.0,161.0,304.0,HARD,,True,02:07:37,Aston Martin,VET,1,True,2021-09-26 13:08:39.662
515,02:10:59,5,00:01:40,40,2,,,00:00:35,00:00:34,00:00:30,02:09:54,02:10:29,02:10:59,252.0,311.0,160.0,316.0,HARD,,True,02:09:19,Aston Martin,VET,1,True,2021-09-26 13:10:20.926
516,02:12:40,5,00:01:40,41,2,,,00:00:35,00:00:34,00:00:30,02:11:35,02:12:10,02:12:40,244.0,316.0,159.0,309.0,HARD,,True,02:10:59,Aston Martin,VET,1,True,2021-09-26 13:12:01.823
517,02:14:21,5,00:01:41,42,2,,,00:00:35,00:00:34,00:00:30,02:13:16,02:13:51,02:14:21,247.0,314.0,159.0,311.0,HARD,,True,02:12:40,Aston Martin,VET,1,True,2021-09-26 13:13:42.641
518,02:16:02,5,00:01:40,43,2,,,00:00:35,00:00:35,00:00:29,02:14:57,02:15:32,02:16:02,252.0,294.0,160.0,295.0,HARD,,True,02:14:21,Aston Martin,VET,1,True,2021-09-26 13:15:23.795
519,02:17:41,5,00:01:39,44,2,,,00:00:35,00:00:34,00:00:29,02:16:38,02:17:12,02:17:41,,322.0,161.0,307.0,HARD,,True,02:16:02,Aston Martin,VET,1,True,2021-09-26 13:17:04.199
520,02:19:22,5,00:01:40,45,2,,,00:00:35,00:00:34,00:00:30,02:18:17,02:18:52,02:19:22,245.0,307.0,158.0,291.0,HARD,,True,02:17:41,Aston Martin,VET,1,True,2021-09-26 13:18:43.450
521,02:21:02,5,00:01:40,46,2,,,00:00:35,00:00:35,00:00:28,02:19:58,02:20:33,02:21:02,235.0,318.0,164.0,308.0,HARD,,True,02:19:22,Aston Martin,VET,1,True,2021-09-26 13:20:24.097
522,02:22:50,5,00:01:47,47,2,,,00:00:37,00:00:41,00:00:29,02:21:39,02:22:20,02:22:50,217.0,301.0,164.0,285.0,HARD,,True,02:21:02,Aston Martin,VET,2,True,2021-09-26 13:22:04.637
523,02:24:44,5,00:01:54,48,2,,,00:00:38,00:00:43,00:00:32,02:23:29,02:24:12,02:24:44,203.0,290.0,157.0,276.0,HARD,,True,02:22:50,Aston Martin,VET,2,True,2021-09-26 13:23:52.136
524,02:26:39,5,00:01:54,49,2,,,00:00:39,00:00:42,00:00:31,02:25:24,02:26:07,02:26:39,196.0,291.0,146.0,274.0,HARD,,True,02:24:44,Aston Martin,VET,1,True,2021-09-26 13:25:46.603
525,02:29:18,5,,50,2,,02:29:09,00:00:47,00:01:02,00:00:48,02:27:27,02:28:29,02:29:18,140.0,218.0,,233.0,HARD,,True,02:26:39,Aston Martin,VET,2,False,2021-09-26 13:27:40.999
526,02:31:34,5,00:02:15,51,3,02:29:41,,00:01:03,00:00:39,00:00:32,02:30:21,02:31:01,02:31:34,192.0,297.0,154.0,231.0,INTERMEDIATE,1.0,True,02:29:18,Aston Martin,VET,2,False,2021-09-26 13:30:20.593
527,02:33:24,5,00:01:50,52,3,,,00:00:38,00:00:38,00:00:33,02:32:12,02:32:51,02:33:24,199.0,291.0,147.0,294.0,INTERMEDIATE,2.0,True,02:31:34,Aston Martin,VET,1,True,2021-09-26 13:32:36.164
528,01:04:35,10,,1,1,00:23:32,,,00:00:38,00:00:33,,01:04:02,01:04:35,211.0,301.0,154.0,241.0,HARD,1.0,True,01:02:41,AlphaTauri,GAS,1,False,2021-09-26 12:03:43.826
529,01:06:21,10,00:01:45,2,1,,,00:00:37,00:00:36,00:00:31,01:05:13,01:05:49,01:06:21,220.0,299.0,158.0,284.0,HARD,2.0,True,01:04:35,AlphaTauri,GAS,2,True,2021-09-26 12:05:37.720
530,01:08:04,10,00:01:42,3,1,,,00:00:36,00:00:35,00:00:30,01:06:58,01:07:33,01:08:04,235.0,324.0,163.0,288.0,HARD,3.0,True,01:06:21,AlphaTauri,GAS,1,True,2021-09-26 12:07:23.214
531,01:09:46,10,00:01:42,4,1,,,00:00:36,00:00:35,00:00:30,01:08:40,01:09:16,01:09:46,240.0,296.0,156.0,285.0,HARD,4.0,True,01:08:04,AlphaTauri,GAS,1,True,2021-09-26 12:09:06.082
532,01:11:28,10,00:01:42,5,1,,,00:00:36,00:00:35,00:00:30,01:10:22,01:10:58,01:11:28,245.0,315.0,153.0,293.0,HARD,5.0,True,01:09:46,AlphaTauri,GAS,1,True,2021-09-26 12:10:48.421
533,01:13:12,10,00:01:43,6,1,,,00:00:36,00:00:35,00:00:30,01:12:05,01:12:41,01:13:12,223.0,318.0,157.0,304.0,HARD,6.0,True,01:11:28,AlphaTauri,GAS,1,True,2021-09-26 12:12:30.813
534,01:14:54,10,00:01:42,7,1,,,00:00:36,00:00:35,00:00:30,01:13:48,01:14:23,01:14:54,234.0,312.0,153.0,307.0,HARD,7.0,True,01:13:12,AlphaTauri,GAS,1,True,2021-09-26 12:14:13.972
535,01:16:37,10,00:01:43,8,1,,,00:00:36,00:00:35,00:00:31,01:15:30,01:16:06,01:16:37,243.0,299.0,154.0,302.0,HARD,8.0,True,01:14:54,AlphaTauri,GAS,1,True,2021-09-26 12:15:56.330
536,01:18:20,10,00:01:42,9,1,,,00:00:36,00:00:35,00:00:30,01:17:13,01:17:49,01:18:20,247.0,304.0,154.0,301.0,HARD,9.0,True,01:16:37,AlphaTauri,GAS,1,True,2021-09-26 12:17:39.795
537,01:20:03,10,00:01:43,10,1,,,00:00:36,00:00:36,00:00:31,01:18:56,01:19:32,01:20:03,240.0,326.0,155.0,,HARD,10.0,True,01:18:20,AlphaTauri,GAS,1,True,2021-09-26 12:19:21.908
538,01:21:45,10,00:01:42,11,1,,,00:00:36,00:00:35,00:00:30,01:20:39,01:21:15,01:21:45,,313.0,154.0,307.0,HARD,11.0,True,01:20:03,AlphaTauri,GAS,1,True,2021-09-26 12:21:05.517
539,01:23:28,10,00:01:42,12,1,,,00:00:36,00:00:35,00:00:30,01:22:21,01:22:57,01:23:28,244.0,320.0,155.0,313.0,HARD,12.0,True,01:21:45,AlphaTauri,GAS,1,True,2021-09-26 12:22:47.651
540,01:25:10,10,00:01:42,13,1,,,00:00:36,00:00:35,00:00:30,01:24:04,01:24:39,01:25:10,250.0,299.0,152.0,308.0,HARD,13.0,True,01:23:28,AlphaTauri,GAS,1,True,2021-09-26 12:24:29.946
541,01:26:53,10,00:01:42,14,1,,,00:00:36,00:00:35,00:00:30,01:25:46,01:26:22,01:26:53,235.0,315.0,153.0,,HARD,14.0,True,01:25:10,AlphaTauri,GAS,1,True,2021-09-26 12:26:12.201
542,01:28:35,10,00:01:42,15,1,,,00:00:36,00:00:35,00:00:30,01:27:29,01:28:05,01:28:35,247.0,299.0,155.0,297.0,HARD,15.0,True,01:26:53,AlphaTauri,GAS,1,True,2021-09-26 12:27:55.042
543,01:30:18,10,00:01:42,16,1,,,00:00:36,00:00:35,00:00:30,01:29:12,01:29:47,01:30:18,245.0,302.0,155.0,290.0,HARD,16.0,True,01:28:35,AlphaTauri,GAS,1,True,2021-09-26 12:29:37.661
544,01:31:59,10,00:01:41,17,1,,,00:00:36,00:00:35,00:00:29,01:30:54,01:31:29,01:31:59,248.0,293.0,157.0,289.0,HARD,17.0,True,01:30:18,AlphaTauri,GAS,1,True,2021-09-26 12:31:20.098
545,01:33:41,10,00:01:41,18,1,,,00:00:36,00:00:35,00:00:30,01:32:36,01:33:11,01:33:41,252.0,300.0,158.0,292.0,HARD,18.0,True,01:31:59,AlphaTauri,GAS,1,True,2021-09-26 12:33:01.822
546,01:35:22,10,00:01:41,19,1,,,00:00:36,00:00:35,00:00:29,01:34:17,01:34:52,01:35:22,251.0,291.0,156.0,297.0,HARD,19.0,True,01:33:41,AlphaTauri,GAS,1,True,2021-09-26 12:34:43.416
547,01:37:04,10,00:01:41,20,1,,,00:00:36,00:00:35,00:00:30,01:35:59,01:36:34,01:37:04,248.0,301.0,160.0,284.0,HARD,20.0,True,01:35:22,AlphaTauri,GAS,1,True,2021-09-26 12:36:24.721
548,01:38:46,10,00:01:41,21,1,,,00:00:36,00:00:35,00:00:29,01:37:40,01:38:16,01:38:46,250.0,293.0,159.0,293.0,HARD,21.0,True,01:37:04,AlphaTauri,GAS,1,True,2021-09-26 12:38:06.535
549,01:40:27,10,00:01:41,22,1,,,00:00:36,00:00:35,00:00:30,01:39:22,01:39:57,01:40:27,253.0,292.0,158.0,291.0,HARD,22.0,True,01:38:46,AlphaTauri,GAS,1,True,2021-09-26 12:39:47.932
550,01:42:08,10,00:01:41,23,1,,,00:00:36,00:00:35,00:00:29,01:41:03,01:41:38,01:42:08,250.0,292.0,154.0,294.0,HARD,23.0,True,01:40:27,AlphaTauri,GAS,1,True,2021-09-26 12:41:29.204
551,01:43:50,10,00:01:41,24,1,,,00:00:36,00:00:35,00:00:29,01:42:44,01:43:20,01:43:50,255.0,301.0,158.0,307.0,HARD,24.0,True,01:42:08,AlphaTauri,GAS,1,True,2021-09-26 12:43:10.714
552,01:45:31,10,00:01:41,25,1,,,00:00:36,00:00:35,00:00:30,01:44:26,01:45:01,01:45:31,256.0,301.0,156.0,297.0,HARD,25.0,True,01:43:50,AlphaTauri,GAS,1,True,2021-09-26 12:44:51.958
553,01:47:13,10,00:01:41,26,1,,,00:00:36,00:00:35,00:00:29,01:46:08,01:46:43,01:47:13,251.0,292.0,157.0,307.0,HARD,26.0,True,01:45:31,AlphaTauri,GAS,1,True,2021-09-26 12:46:33.570
554,01:48:54,10,00:01:41,27,1,,,00:00:36,00:00:35,00:00:29,01:47:49,01:48:24,01:48:54,255.0,285.0,159.0,291.0,HARD,27.0,True,01:47:13,AlphaTauri,GAS,1,True,2021-09-26 12:48:15.153
555,01:50:35,10,00:01:40,28,1,,,00:00:36,00:00:34,00:00:29,01:49:30,01:50:05,01:50:35,256.0,285.0,159.0,284.0,HARD,28.0,True,01:48:54,AlphaTauri,GAS,1,True,2021-09-26 12:49:56.477
556,01:52:16,10,00:01:41,29,1,,,00:00:36,00:00:35,00:00:29,01:51:11,01:51:47,01:52:16,257.0,298.0,153.0,295.0,HARD,29.0,True,01:50:35,AlphaTauri,GAS,1,True,2021-09-26 12:51:37.384
557,01:53:58,10,00:01:41,30,1,,,00:00:36,00:00:35,00:00:30,01:52:52,01:53:27,01:53:58,256.0,286.0,153.0,292.0,HARD,30.0,True,01:52:16,AlphaTauri,GAS,1,True,2021-09-26 12:53:18.585
558,01:55:39,10,00:01:41,31,1,,,00:00:36,00:00:35,00:00:30,01:54:34,01:55:09,01:55:39,255.0,299.0,158.0,306.0,HARD,31.0,True,01:53:58,AlphaTauri,GAS,1,True,2021-09-26 12:55:00.402
559,01:57:21,10,00:01:41,32,1,,,00:00:36,00:00:35,00:00:30,01:56:15,01:56:51,01:57:21,253.0,294.0,158.0,299.0,HARD,32.0,True,01:55:39,AlphaTauri,GAS,1,True,2021-09-26 12:56:41.708
560,01:59:07,10,00:01:45,33,1,,01:58:59,00:00:36,00:00:35,00:00:34,01:57:57,01:58:32,01:59:07,257.0,295.0,,301.0,HARD,33.0,True,01:57:21,AlphaTauri,GAS,1,False,2021-09-26 12:58:23.319
561,02:01:06,10,00:01:59,34,2,01:59:28,,00:00:55,00:00:34,00:00:29,02:00:03,02:00:37,02:01:06,252.0,295.0,168.0,293.0,MEDIUM,1.0,True,01:59:07,AlphaTauri,GAS,1,False,2021-09-26 13:00:09.300
562,02:02:45,10,00:01:38,35,2,,,00:00:35,00:00:34,00:00:28,02:01:42,02:02:16,02:02:45,258.0,318.0,168.0,294.0,MEDIUM,2.0,True,02:01:06,AlphaTauri,GAS,1,True,2021-09-26 13:02:08.818
563,02:04:24,10,00:01:39,36,2,,,00:00:35,00:00:34,00:00:29,02:03:20,02:03:55,02:04:24,254.0,286.0,164.0,291.0,MEDIUM,3.0,True,02:02:45,AlphaTauri,GAS,1,True,2021-09-26 13:03:47.097
564,02:06:03,10,00:01:38,37,2,,,00:00:35,00:00:34,00:00:29,02:04:59,02:05:34,02:06:03,258.0,287.0,163.0,292.0,MEDIUM,4.0,True,02:04:24,AlphaTauri,GAS,1,True,2021-09-26 13:05:26.104
565,02:07:42,10,00:01:39,38,2,,,00:00:35,00:00:34,00:00:29,02:06:38,02:07:13,02:07:42,254.0,291.0,166.0,297.0,MEDIUM,5.0,True,02:06:03,AlphaTauri,GAS,1,True,2021-09-26 13:07:05.053
566,02:09:21,10,00:01:39,39,2,,,00:00:35,00:00:34,00:00:29,02:08:17,02:08:52,02:09:21,255.0,295.0,163.0,,MEDIUM,6.0,True,02:07:42,AlphaTauri,GAS,1,True,2021-09-26 13:08:44.068
567,02:11:01,10,00:01:40,40,2,,,00:00:36,00:00:34,00:00:29,02:09:57,02:10:32,02:11:01,234.0,320.0,159.0,299.0,MEDIUM,7.0,True,02:09:21,AlphaTauri,GAS,1,True,2021-09-26 13:10:23.275
568,02:12:42,10,00:01:40,41,2,,,00:00:35,00:00:34,00:00:29,02:11:37,02:12:12,02:12:42,256.0,305.0,163.0,313.0,MEDIUM,8.0,True,02:11:01,AlphaTauri,GAS,1,True,2021-09-26 13:12:03.784
569,02:14:23,10,00:01:40,42,2,,,00:00:35,00:00:34,00:00:30,02:13:17,02:13:52,02:14:23,246.0,320.0,158.0,301.0,MEDIUM,9.0,True,02:12:42,AlphaTauri,GAS,1,True,2021-09-26 13:13:44.049
570,02:16:05,10,00:01:42,43,2,,,00:00:35,00:00:34,00:00:31,02:14:59,02:15:33,02:16:05,247.0,335.0,160.0,,MEDIUM,10.0,True,02:14:23,AlphaTauri,GAS,1,True,2021-09-26 13:15:25.036
571,02:17:46,10,00:01:41,44,2,,,00:00:35,00:00:35,00:00:30,02:16:41,02:17:16,02:17:46,245.0,317.0,159.0,303.0,MEDIUM,11.0,True,02:16:05,AlphaTauri,GAS,1,True,2021-09-26 13:17:07.079
572,02:19:28,10,00:01:41,45,2,,,00:00:35,00:00:35,00:00:30,02:18:22,02:18:58,02:19:28,242.0,300.0,159.0,296.0,MEDIUM,12.0,True,02:17:46,AlphaTauri,GAS,1,True,2021-09-26 13:18:48.656
573,02:21:10,10,00:01:42,46,2,,,00:00:36,00:00:36,00:00:29,02:20:04,02:20:40,02:21:10,224.0,293.0,162.0,298.0,MEDIUM,13.0,True,02:19:28,AlphaTauri,GAS,1,True,2021-09-26 13:20:30.237
574,02:23:00,10,00:01:49,47,2,,,00:00:36,00:00:40,00:00:32,02:21:47,02:22:28,02:23:00,222.0,275.0,164.0,295.0,MEDIUM,14.0,True,02:21:10,AlphaTauri,GAS,2,True,2021-09-26 13:22:12.575
575,02:25:01,10,00:02:01,48,2,,,00:00:38,00:00:48,00:00:33,02:23:38,02:24:27,02:25:01,200.0,283.0,151.0,270.0,MEDIUM,15.0,True,02:23:00,AlphaTauri,GAS,2,True,2021-09-26 13:24:02.329
576,02:26:55,10,00:01:54,49,2,,,00:00:39,00:00:42,00:00:32,02:25:40,02:26:23,02:26:55,193.0,299.0,150.0,265.0,MEDIUM,16.0,True,02:25:01,AlphaTauri,GAS,1,True,2021-09-26 13:26:03.359
577,02:29:57,10,,50,2,,02:29:48,00:00:45,00:01:02,00:01:13,02:27:41,02:28:44,02:29:57,160.0,213.0,,232.0,MEDIUM,17.0,True,02:26:55,AlphaTauri,GAS,2,False,2021-09-26 13:27:57.614
578,02:32:11,10,00:02:13,51,3,02:30:20,,00:01:00,00:00:38,00:00:33,02:30:58,02:31:37,02:32:11,219.0,292.0,145.0,261.0,INTERMEDIATE,1.0,True,02:29:57,AlphaTauri,GAS,2,False,2021-09-26 13:30:59.423
579,02:33:59,10,00:01:48,52,3,,,00:00:38,00:00:37,00:00:33,02:32:49,02:33:26,02:33:59,234.0,298.0,145.0,284.0,INTERMEDIATE,2.0,True,02:32:11,AlphaTauri,GAS,1,True,2021-09-26 13:33:12.929
580,01:04:38,22,,1,1,00:22:33,,,00:00:40,00:00:33,,01:04:05,01:04:38,223.0,304.0,162.0,231.0,MEDIUM,1.0,True,01:02:41,AlphaTauri,TSU,1,False,2021-09-26 12:03:43.826
581,01:06:25,22,00:01:46,2,1,,,00:00:37,00:00:36,00:00:32,01:05:16,01:05:53,01:06:25,234.0,306.0,159.0,268.0,MEDIUM,2.0,True,01:04:38,AlphaTauri,TSU,2,True,2021-09-26 12:05:40.602
582,01:08:09,22,00:01:44,3,1,,,00:00:36,00:00:35,00:00:31,01:07:02,01:07:37,01:08:09,,312.0,158.0,287.0,MEDIUM,3.0,True,01:06:25,AlphaTauri,TSU,1,True,2021-09-26 12:07:27.035
583,01:09:52,22,00:01:42,4,1,,,00:00:36,00:00:35,00:00:31,01:08:45,01:09:21,01:09:52,239.0,295.0,155.0,305.0,MEDIUM,4.0,True,01:08:09,AlphaTauri,TSU,1,True,2021-09-26 12:09:11.438
584,01:11:35,22,00:01:43,5,1,,,00:00:36,00:00:35,00:00:31,01:10:29,01:11:04,01:11:35,233.0,307.0,156.0,299.0,MEDIUM,5.0,True,01:09:52,AlphaTauri,TSU,1,True,2021-09-26 12:10:54.403
585,01:13:19,22,00:01:43,6,1,,,00:00:36,00:00:35,00:00:31,01:12:12,01:12:48,01:13:19,231.0,312.0,154.0,301.0,MEDIUM,6.0,True,01:11:35,AlphaTauri,TSU,1,True,2021-09-26 12:12:37.745
586,01:15:03,22,00:01:44,7,1,,,00:00:36,00:00:36,00:00:31,01:13:55,01:14:31,01:15:03,229.0,312.0,154.0,302.0,MEDIUM,7.0,True,01:13:19,AlphaTauri,TSU,1,True,2021-09-26 12:14:21.208
587,01:16:49,22,00:01:45,8,1,,,00:00:36,00:00:36,00:00:32,01:15:40,01:16:17,01:16:49,237.0,312.0,158.0,298.0,MEDIUM,8.0,True,01:15:03,AlphaTauri,TSU,1,True,2021-09-26 12:16:05.471
588,01:18:33,22,00:01:44,9,1,,,00:00:36,00:00:36,00:00:31,01:17:25,01:18:02,01:18:33,233.0,294.0,156.0,301.0,MEDIUM,9.0,True,01:16:49,AlphaTauri,TSU,1,True,2021-09-26 12:17:51.047
589,01:20:17,22,00:01:43,10,1,,,00:00:36,00:00:36,00:00:31,01:19:09,01:19:46,01:20:17,250.0,296.0,153.0,,MEDIUM,10.0,True,01:18:33,AlphaTauri,TSU,1,True,2021-09-26 12:19:35.381
590,01:22:02,22,00:01:45,11,1,,,00:00:36,00:00:36,00:00:32,01:20:53,01:21:29,01:22:02,248.0,313.0,149.0,296.0,MEDIUM,11.0,True,01:20:17,AlphaTauri,TSU,1,True,2021-09-26 12:21:19.044
591,01:23:46,22,00:01:44,12,1,,,00:00:36,00:00:36,00:00:31,01:22:39,01:23:15,01:23:46,246.0,292.0,151.0,300.0,MEDIUM,12.0,True,01:22:02,AlphaTauri,TSU,1,True,2021-09-26 12:23:04.104
592,01:25:35,22,00:01:48,13,1,,01:25:27,00:00:36,00:00:36,00:00:35,01:24:23,01:24:59,01:25:35,247.0,291.0,,292.0,MEDIUM,13.0,True,01:23:46,AlphaTauri,TSU,1,False,2021-09-26 12:24:48.492
593,01:27:37,22,00:02:02,14,2,01:25:57,,00:00:57,00:00:35,00:00:29,01:26:33,01:27:08,01:27:37,250.0,288.0,166.0,279.0,HARD,1.0,True,01:25:35,AlphaTauri,TSU,1,False,2021-09-26 12:26:37.404
594,01:29:21,22,00:01:43,15,2,,,00:00:36,00:00:35,00:00:31,01:28:14,01:28:50,01:29:21,252.0,258.0,165.0,303.0,HARD,2.0,True,01:27:37,AlphaTauri,TSU,1,True,2021-09-26 12:28:39.888
595,01:31:03,22,00:01:41,16,2,,,00:00:36,00:00:35,00:00:30,01:29:57,01:30:32,01:31:03,247.0,306.0,161.0,296.0,HARD,3.0,True,01:29:21,AlphaTauri,TSU,1,True,2021-09-26 12:30:23.346
596,01:32:44,22,00:01:41,17,2,,,00:00:36,00:00:35,00:00:29,01:31:39,01:32:14,01:32:44,250.0,290.0,162.0,293.0,HARD,4.0,True,01:31:03,AlphaTauri,TSU,1,True,2021-09-26 12:32:05.292
597,01:34:25,22,00:01:40,18,2,,,00:00:36,00:00:35,00:00:29,01:33:20,01:33:55,01:34:25,253.0,290.0,161.0,295.0,HARD,5.0,True,01:32:44,AlphaTauri,TSU,1,True,2021-09-26 12:33:46.525
598,01:36:06,22,00:01:41,19,2,,,00:00:36,00:00:35,00:00:29,01:35:01,01:35:37,01:36:06,250.0,288.0,162.0,293.0,HARD,6.0,True,01:34:25,AlphaTauri,TSU,1,True,2021-09-26 12:35:27.449
599,01:37:48,22,00:01:41,20,2,,,00:00:36,00:00:35,00:00:29,01:36:42,01:37:18,01:37:48,249.0,290.0,161.0,294.0,HARD,7.0,True,01:36:06,AlphaTauri,TSU,1,True,2021-09-26 12:37:08.785
600,01:39:29,22,00:01:41,21,2,,,00:00:36,00:00:35,00:00:29,01:38:24,01:38:59,01:39:29,253.0,289.0,161.0,292.0,HARD,8.0,True,01:37:48,AlphaTauri,TSU,1,True,2021-09-26 12:38:49.972
601,01:41:10,22,00:01:41,22,2,,,00:00:36,00:00:35,00:00:29,01:40:05,01:40:40,01:41:10,249.0,287.0,160.0,,HARD,9.0,True,01:39:29,AlphaTauri,TSU,1,True,2021-09-26 12:40:31.290
602,01:42:52,22,00:01:41,23,2,,,00:00:36,00:00:35,00:00:29,01:41:47,01:42:22,01:42:52,248.0,289.0,160.0,290.0,HARD,10.0,True,01:41:10,AlphaTauri,TSU,1,True,2021-09-26 12:42:12.712
603,01:44:33,22,00:01:41,24,2,,,00:00:36,00:00:35,00:00:29,01:43:28,01:44:03,01:44:33,245.0,291.0,156.0,291.0,HARD,11.0,True,01:42:52,AlphaTauri,TSU,1,True,2021-09-26 12:43:54.007
604,01:46:15,22,00:01:41,25,2,,,00:00:36,00:00:35,00:00:29,01:45:09,01:45:45,01:46:15,244.0,290.0,160.0,293.0,HARD,12.0,True,01:44:33,AlphaTauri,TSU,1,True,2021-09-26 12:45:35.205
605,01:47:56,22,00:01:41,26,2,,,00:00:36,00:00:35,00:00:29,01:46:51,01:47:26,01:47:56,250.0,292.0,158.0,294.0,HARD,13.0,True,01:46:15,AlphaTauri,TSU,1,True,2021-09-26 12:47:16.948
606,01:49:37,22,00:01:41,27,2,,,00:00:36,00:00:35,00:00:29,01:48:32,01:49:07,01:49:37,249.0,290.0,163.0,295.0,HARD,14.0,True,01:47:56,AlphaTauri,TSU,1,True,2021-09-26 12:48:58.088
607,01:51:18,22,00:01:40,28,2,,,00:00:36,00:00:35,00:00:29,01:50:13,01:50:48,01:51:18,252.0,290.0,163.0,294.0,HARD,15.0,True,01:49:37,AlphaTauri,TSU,1,True,2021-09-26 12:50:39.528
608,01:52:59,22,00:01:40,29,2,,,00:00:36,00:00:35,00:00:29,01:51:54,01:52:29,01:52:59,250.0,290.0,162.0,293.0,HARD,16.0,True,01:51:18,AlphaTauri,TSU,1,True,2021-09-26 12:52:20.410
609,01:54:40,22,00:01:40,30,2,,,00:00:36,00:00:35,00:00:29,01:53:35,01:54:10,01:54:40,251.0,290.0,163.0,292.0,HARD,17.0,True,01:52:59,AlphaTauri,TSU,1,True,2021-09-26 12:54:01.317
610,01:56:21,22,00:01:40,31,2,,,00:00:35,00:00:34,00:00:29,01:55:16,01:55:51,01:56:21,250.0,291.0,162.0,,HARD,18.0,True,01:54:40,AlphaTauri,TSU,1,True,2021-09-26 12:55:42.316
611,01:58:02,22,00:01:41,32,2,,,00:00:36,00:00:35,00:00:29,01:56:57,01:57:32,01:58:02,252.0,289.0,162.0,,HARD,19.0,True,01:56:21,AlphaTauri,TSU,1,True,2021-09-26 12:57:23.185
612,01:59:43,22,00:01:40,33,2,,,00:00:36,00:00:35,00:00:29,01:58:38,01:59:13,01:59:43,247.0,289.0,162.0,,HARD,20.0,True,01:58:02,AlphaTauri,TSU,1,True,2021-09-26 12:59:04.194
613,02:01:24,22,00:01:41,34,2,,,00:00:36,00:00:35,00:00:30,02:00:19,02:00:54,02:01:24,252.0,290.0,162.0,293.0,HARD,21.0,True,01:59:43,AlphaTauri,TSU,1,True,2021-09-26 13:00:45.057
614,02:03:05,22,00:01:40,35,2,,,00:00:36,00:00:34,00:00:29,02:02:00,02:02:35,02:03:05,246.0,287.0,160.0,289.0,HARD,22.0,True,02:01:24,AlphaTauri,TSU,1,True,2021-09-26 13:02:26.272
615,02:04:46,22,00:01:40,36,2,,,00:00:36,00:00:35,00:00:29,02:03:41,02:04:16,02:04:46,,287.0,163.0,291.0,HARD,23.0,True,02:03:05,AlphaTauri,TSU,1,True,2021-09-26 13:04:07.011
616,02:06:26,22,00:01:40,37,2,,,00:00:35,00:00:35,00:00:29,02:05:22,02:05:57,02:06:26,249.0,289.0,162.0,292.0,HARD,24.0,True,02:04:46,AlphaTauri,TSU,1,True,2021-09-26 13:05:47.956
617,02:08:07,22,00:01:40,38,2,,,00:00:36,00:00:34,00:00:29,02:07:02,02:07:37,02:08:07,250.0,289.0,163.0,291.0,HARD,25.0,True,02:06:26,AlphaTauri,TSU,1,True,2021-09-26 13:07:28.568
618,02:09:47,22,00:01:40,39,2,,,00:00:35,00:00:34,00:00:29,02:08:43,02:09:18,02:09:47,254.0,290.0,163.0,,HARD,26.0,True,02:08:07,AlphaTauri,TSU,1,True,2021-09-26 13:09:09.157
619,02:11:27,22,00:01:40,40,2,,,00:00:35,00:00:34,00:00:29,02:10:23,02:10:58,02:11:27,255.0,290.0,161.0,292.0,HARD,27.0,True,02:09:47,AlphaTauri,TSU,1,True,2021-09-26 13:10:49.541
620,02:13:08,22,00:01:40,41,2,,,00:00:35,00:00:34,00:00:29,02:12:03,02:12:38,02:13:08,257.0,289.0,163.0,,HARD,28.0,True,02:11:27,AlphaTauri,TSU,1,True,2021-09-26 13:12:29.777
621,02:14:47,22,00:01:39,42,2,,,00:00:35,00:00:34,00:00:29,02:13:43,02:14:18,02:14:47,254.0,291.0,164.0,291.0,HARD,29.0,True,02:13:08,AlphaTauri,TSU,1,True,2021-09-26 13:14:09.924
622,02:16:28,22,00:01:40,43,2,,,00:00:35,00:00:34,00:00:29,02:15:23,02:15:58,02:16:28,257.0,290.0,161.0,292.0,HARD,30.0,True,02:14:47,AlphaTauri,TSU,1,True,2021-09-26 13:15:49.884
623,02:18:08,22,00:01:40,44,2,,,00:00:35,00:00:35,00:00:29,02:17:03,02:17:39,02:18:08,253.0,290.0,160.0,,HARD,31.0,True,02:16:28,AlphaTauri,TSU,1,True,2021-09-26 13:17:29.917
624,02:19:50,22,00:01:41,45,2,,,00:00:35,00:00:35,00:00:29,02:18:44,02:19:20,02:19:50,251.0,290.0,161.0,291.0,HARD,32.0,True,02:18:08,AlphaTauri,TSU,1,True,2021-09-26 13:19:10.547
625,02:21:34,22,00:01:44,46,2,,,00:00:36,00:00:37,00:00:30,02:20:26,02:21:04,02:21:34,236.0,290.0,159.0,289.0,HARD,33.0,True,02:19:50,AlphaTauri,TSU,1,True,2021-09-26 13:20:52.083
626,02:23:50,22,00:02:16,47,2,,02:23:42,00:00:39,00:00:51,00:00:45,02:22:13,02:23:05,02:23:50,197.0,178.0,,284.0,HARD,34.0,True,02:21:34,AlphaTauri,TSU,2,False,2021-09-26 13:22:36.315
627,02:26:14,22,00:02:23,48,3,02:24:13,,00:01:03,00:00:45,00:00:35,02:24:54,02:25:39,02:26:14,192.0,259.0,143.0,244.0,SOFT,1.0,True,02:23:50,AlphaTauri,TSU,2,False,2021-09-26 13:24:52.858
628,02:28:39,22,00:02:24,49,3,,02:28:30,00:00:44,00:00:54,00:00:45,02:26:59,02:27:53,02:28:39,128.0,199.0,,259.0,SOFT,2.0,True,02:26:14,AlphaTauri,TSU,2,False,2021-09-26 13:27:16.270
629,02:31:06,22,00:02:27,50,4,02:29:01,,00:01:03,00:00:45,00:00:38,02:29:43,02:30:28,02:31:06,181.0,243.0,140.0,227.0,INTERMEDIATE,4.0,False,02:28:39,AlphaTauri,TSU,2,False,2021-09-26 13:29:41.115
630,02:33:07,22,00:02:01,51,4,,,00:00:43,00:00:41,00:00:35,02:31:50,02:32:31,02:33:07,176.0,257.0,145.0,249.0,INTERMEDIATE,5.0,False,02:31:06,AlphaTauri,TSU,1,True,2021-09-26 13:32:08.488
631,02:35:04,22,00:01:56,52,4,,,00:00:39,00:00:40,00:00:36,02:33:47,02:34:27,02:35:04,206.0,274.0,136.0,252.0,INTERMEDIATE,6.0,False,02:33:07,AlphaTauri,TSU,1,True,2021-09-26 13:34:09.546
632,01:04:33,7,,1,1,00:24:17,,,00:00:38,00:00:32,,01:04:01,01:04:34,203.0,297.0,155.0,242.0,MEDIUM,1.0,True,01:02:41,Alfa Romeo,RAI,1,False,2021-09-26 12:03:43.826
633,01:06:18,7,00:01:44,2,1,,,00:00:37,00:00:36,00:00:30,01:05:11,01:05:47,01:06:18,241.0,294.0,157.0,272.0,MEDIUM,2.0,True,01:04:33,Alfa Romeo,RAI,2,True,2021-09-26 12:05:35.821
634,01:08:01,7,00:01:42,3,1,,,00:00:36,00:00:35,00:00:30,01:06:55,01:07:31,01:08:01,247.0,300.0,158.0,301.0,MEDIUM,3.0,True,01:06:18,Alfa Romeo,RAI,1,True,2021-09-26 12:07:20.415
635,01:09:43,7,00:01:42,4,1,,,00:00:36,00:00:35,00:00:30,01:08:37,01:09:13,01:09:43,246.0,310.0,158.0,295.0,MEDIUM,4.0,True,01:08:01,Alfa Romeo,RAI,1,True,2021-09-26 12:09:03.355
636,01:11:26,7,00:01:42,5,1,,,00:00:36,00:00:35,00:00:30,01:10:20,01:10:56,01:11:26,241.0,302.0,155.0,281.0,MEDIUM,5.0,True,01:09:43,Alfa Romeo,RAI,1,True,2021-09-26 12:10:45.718
637,01:13:09,7,00:01:42,6,1,,,00:00:36,00:00:35,00:00:30,01:12:03,01:12:39,01:13:09,249.0,302.0,156.0,297.0,MEDIUM,6.0,True,01:11:26,Alfa Romeo,RAI,1,True,2021-09-26 12:12:28.708
638,01:14:51,7,00:01:42,7,1,,,00:00:36,00:00:35,00:00:30,01:13:45,01:14:21,01:14:51,255.0,302.0,153.0,300.0,MEDIUM,7.0,True,01:13:09,Alfa Romeo,RAI,1,True,2021-09-26 12:14:11.310
639,01:16:34,7,00:01:42,8,1,,,00:00:36,00:00:35,00:00:30,01:15:28,01:16:03,01:16:34,254.0,303.0,154.0,,MEDIUM,8.0,True,01:14:51,Alfa Romeo,RAI,1,True,2021-09-26 12:15:53.761
640,01:18:16,7,00:01:42,9,1,,,00:00:36,00:00:35,00:00:30,01:17:10,01:17:46,01:18:16,251.0,302.0,154.0,288.0,MEDIUM,9.0,True,01:16:34,Alfa Romeo,RAI,1,True,2021-09-26 12:17:36.171
641,01:19:59,7,00:01:42,10,1,,,00:00:36,00:00:35,00:00:30,01:18:53,01:19:29,01:19:59,250.0,302.0,153.0,290.0,MEDIUM,10.0,True,01:18:16,Alfa Romeo,RAI,1,True,2021-09-26 12:19:18.769
642,01:21:41,7,00:01:42,11,1,,,00:00:36,00:00:35,00:00:30,01:20:35,01:21:11,01:21:41,255.0,301.0,154.0,297.0,MEDIUM,11.0,True,01:19:59,Alfa Romeo,RAI,1,True,2021-09-26 12:21:01.120
643,01:23:23,7,00:01:42,12,1,,,00:00:36,00:00:35,00:00:30,01:22:18,01:22:53,01:23:23,254.0,303.0,155.0,299.0,MEDIUM,12.0,True,01:21:41,Alfa Romeo,RAI,1,True,2021-09-26 12:22:43.416
644,01:25:06,7,00:01:42,13,1,,,00:00:36,00:00:35,00:00:30,01:24:00,01:24:35,01:25:06,,301.0,153.0,291.0,MEDIUM,13.0,True,01:23:23,Alfa Romeo,RAI,1,True,2021-09-26 12:24:25.694
645,01:26:48,7,00:01:42,14,1,,,00:00:36,00:00:35,00:00:30,01:25:42,01:26:18,01:26:48,255.0,298.0,156.0,303.0,MEDIUM,14.0,True,01:25:06,Alfa Romeo,RAI,1,True,2021-09-26 12:26:07.989
646,01:28:35,7,00:01:46,15,1,,01:28:27,00:00:36,00:00:35,00:00:34,01:27:25,01:28:00,01:28:35,254.0,300.0,,,MEDIUM,15.0,True,01:26:48,Alfa Romeo,RAI,1,False,2021-09-26 12:27:50.495
647,01:30:37,7,00:02:02,16,2,01:28:57,,00:00:57,00:00:35,00:00:29,01:29:32,01:30:08,01:30:37,250.0,292.0,160.0,279.0,HARD,1.0,True,01:28:35,Alfa Romeo,RAI,1,False,2021-09-26 12:29:37.220
648,01:32:19,7,00:01:41,17,2,,,00:00:36,00:00:35,00:00:29,01:31:14,01:31:49,01:32:19,252.0,298.0,162.0,292.0,HARD,2.0,True,01:30:37,Alfa Romeo,RAI,1,True,2021-09-26 12:31:39.844
649,01:34:00,7,00:01:41,18,2,,,00:00:36,00:00:35,00:00:30,01:32:55,01:33:30,01:34:00,254.0,293.0,161.0,287.0,HARD,3.0,True,01:32:19,Alfa Romeo,RAI,1,True,2021-09-26 12:33:21.048
650,01:35:41,7,00:01:40,19,2,,,00:00:36,00:00:34,00:00:29,01:34:36,01:35:11,01:35:41,253.0,292.0,161.0,286.0,HARD,4.0,True,01:34:00,Alfa Romeo,RAI,1,True,2021-09-26 12:35:02.363
651,01:37:22,7,00:01:41,20,2,,,00:00:36,00:00:35,00:00:29,01:36:17,01:36:52,01:37:22,252.0,294.0,160.0,288.0,HARD,5.0,True,01:35:41,Alfa Romeo,RAI,1,True,2021-09-26 12:36:43.319
652,01:39:03,7,00:01:40,21,2,,,00:00:36,00:00:35,00:00:29,01:37:58,01:38:33,01:39:03,249.0,299.0,161.0,295.0,HARD,6.0,True,01:37:22,Alfa Romeo,RAI,1,True,2021-09-26 12:38:24.641
653,01:40:44,7,00:01:41,22,2,,,00:00:36,00:00:35,00:00:29,01:39:39,01:40:14,01:40:44,,294.0,161.0,,HARD,7.0,True,01:39:03,Alfa Romeo,RAI,1,True,2021-09-26 12:40:05.464
654,01:42:25,7,00:01:41,23,2,,,00:00:36,00:00:35,00:00:30,01:41:20,01:41:55,01:42:25,253.0,301.0,158.0,298.0,HARD,8.0,True,01:40:44,Alfa Romeo,RAI,1,True,2021-09-26 12:41:46.465
655,01:44:06,7,00:01:40,24,2,,,00:00:35,00:00:34,00:00:29,01:43:01,01:43:36,01:44:06,256.0,298.0,158.0,322.0,HARD,9.0,True,01:42:25,Alfa Romeo,RAI,1,True,2021-09-26 12:43:27.782
656,01:45:47,7,00:01:40,25,2,,,00:00:36,00:00:34,00:00:29,01:44:42,01:45:17,01:45:47,255.0,296.0,159.0,292.0,HARD,10.0,True,01:44:06,Alfa Romeo,RAI,1,True,2021-09-26 12:45:08.090
657,01:47:28,7,00:01:41,26,2,,,00:00:36,00:00:34,00:00:30,01:46:23,01:46:58,01:47:28,253.0,300.0,159.0,297.0,HARD,11.0,True,01:45:47,Alfa Romeo,RAI,1,True,2021-09-26 12:46:48.916
658,01:49:09,7,00:01:41,27,2,,,00:00:36,00:00:35,00:00:29,01:48:04,01:48:39,01:49:09,250.0,298.0,160.0,296.0,HARD,12.0,True,01:47:28,Alfa Romeo,RAI,1,True,2021-09-26 12:48:30.102
659,01:50:50,7,00:01:40,28,2,,,00:00:36,00:00:35,00:00:29,01:49:45,01:50:20,01:50:50,,299.0,161.0,298.0,HARD,13.0,True,01:49:09,Alfa Romeo,RAI,1,True,2021-09-26 12:50:11.493
660,01:52:31,7,00:01:40,29,2,,,00:00:36,00:00:35,00:00:29,01:51:26,01:52:01,01:52:31,255.0,297.0,160.0,294.0,HARD,14.0,True,01:50:50,Alfa Romeo,RAI,1,True,2021-09-26 12:51:52.395
661,01:54:12,7,00:01:40,30,2,,,00:00:36,00:00:34,00:00:29,01:53:07,01:53:42,01:54:12,251.0,298.0,159.0,298.0,HARD,15.0,True,01:52:31,Alfa Romeo,RAI,1,True,2021-09-26 12:53:33.390
662,01:55:52,7,00:01:40,31,2,,,00:00:36,00:00:34,00:00:29,01:54:48,01:55:23,01:55:52,255.0,297.0,161.0,291.0,HARD,16.0,True,01:54:12,Alfa Romeo,RAI,1,True,2021-09-26 12:55:13.953
663,01:57:33,7,00:01:40,32,2,,,00:00:35,00:00:34,00:00:29,01:56:28,01:57:03,01:57:33,258.0,303.0,160.0,299.0,HARD,17.0,True,01:55:52,Alfa Romeo,RAI,1,True,2021-09-26 12:56:54.706
664,01:59:14,7,00:01:40,33,2,,,00:00:36,00:00:34,00:00:29,01:58:09,01:58:44,01:59:14,253.0,299.0,160.0,298.0,HARD,18.0,True,01:57:33,Alfa Romeo,RAI,1,True,2021-09-26 12:58:35.337
665,02:00:54,7,00:01:40,34,2,,,00:00:36,00:00:34,00:00:29,01:59:50,02:00:24,02:00:54,252.0,302.0,158.0,296.0,HARD,19.0,True,01:59:14,Alfa Romeo,RAI,1,True,2021-09-26 13:00:16.023
666,02:02:34,7,00:01:40,35,2,,,00:00:36,00:00:34,00:00:29,02:01:30,02:02:05,02:02:34,251.0,299.0,159.0,302.0,HARD,20.0,True,02:00:54,Alfa Romeo,RAI,1,True,2021-09-26 13:01:56.312
667,02:04:15,7,00:01:40,36,2,,,00:00:36,00:00:34,00:00:29,02:03:10,02:03:45,02:04:15,,312.0,157.0,,HARD,21.0,True,02:02:34,Alfa Romeo,RAI,1,True,2021-09-26 13:03:36.782
668,02:05:56,7,00:01:40,37,2,,,00:00:36,00:00:34,00:00:30,02:04:51,02:05:26,02:05:56,246.0,308.0,155.0,312.0,HARD,22.0,True,02:04:15,Alfa Romeo,RAI,1,True,2021-09-26 13:05:17.370
669,02:07:37,7,00:01:40,38,2,,,00:00:35,00:00:34,00:00:30,02:06:32,02:07:06,02:07:37,251.0,320.0,157.0,297.0,HARD,23.0,True,02:05:56,Alfa Romeo,RAI,1,True,2021-09-26 13:06:58.201
670,02:09:17,7,00:01:40,39,2,,,00:00:35,00:00:34,00:00:29,02:08:12,02:08:47,02:09:17,250.0,313.0,159.0,,HARD,24.0,True,02:07:37,Alfa Romeo,RAI,1,True,2021-09-26 13:08:38.978
671,02:10:59,7,00:01:41,40,2,,,00:00:36,00:00:34,00:00:30,02:09:54,02:10:29,02:10:59,254.0,302.0,149.0,,HARD,25.0,True,02:09:17,Alfa Romeo,RAI,1,True,2021-09-26 13:10:19.481
672,02:12:40,7,00:01:40,41,2,,,00:00:35,00:00:34,00:00:30,02:11:35,02:12:09,02:12:40,257.0,315.0,158.0,304.0,HARD,26.0,True,02:10:59,Alfa Romeo,RAI,1,True,2021-09-26 13:12:01.136
673,02:14:21,7,00:01:41,42,2,,,00:00:35,00:00:34,00:00:30,02:13:15,02:13:50,02:14:21,252.0,326.0,147.0,292.0,HARD,27.0,True,02:12:40,Alfa Romeo,RAI,1,True,2021-09-26 13:13:41.952
674,02:16:03,7,00:01:42,43,2,,,00:00:35,00:00:35,00:00:30,02:14:57,02:15:33,02:16:03,255.0,321.0,158.0,296.0,HARD,28.0,True,02:14:21,Alfa Romeo,RAI,1,True,2021-09-26 13:15:23.235
675,02:17:44,7,00:01:41,44,2,,,00:00:36,00:00:35,00:00:29,02:16:39,02:17:14,02:17:44,249.0,296.0,157.0,311.0,HARD,29.0,True,02:16:03,Alfa Romeo,RAI,1,True,2021-09-26 13:17:05.543
676,02:19:25,7,00:01:41,45,2,,,00:00:36,00:00:35,00:00:29,02:18:20,02:18:56,02:19:25,,296.0,156.0,306.0,HARD,30.0,True,02:17:44,Alfa Romeo,RAI,1,True,2021-09-26 13:18:46.616
677,02:21:07,7,00:01:41,46,2,,,00:00:36,00:00:35,00:00:29,02:20:01,02:20:37,02:21:07,244.0,302.0,156.0,307.0,HARD,31.0,True,02:19:25,Alfa Romeo,RAI,1,True,2021-09-26 13:20:27.696
678,02:23:06,7,00:01:58,47,2,,02:22:58,00:00:37,00:00:43,00:00:37,02:21:44,02:22:28,02:23:06,215.0,266.0,,302.0,HARD,32.0,True,02:21:07,Alfa Romeo,RAI,2,False,2021-09-26 13:22:09.500
679,02:25:16,7,00:02:10,48,3,02:23:28,,00:00:58,00:00:38,00:00:33,02:24:04,02:24:43,02:25:16,236.0,297.0,141.0,246.0,INTERMEDIATE,1.0,True,02:23:06,Alfa Romeo,RAI,2,False,2021-09-26 13:24:07.951
680,02:27:11,7,00:01:54,49,3,,,00:00:38,00:00:39,00:00:36,02:25:55,02:26:34,02:27:11,224.0,303.0,135.0,273.0,INTERMEDIATE,2.0,True,02:25:16,Alfa Romeo,RAI,1,True,2021-09-26 13:26:18.358
681,02:29:06,7,00:01:55,50,3,,,00:00:40,00:00:41,00:00:34,02:27:51,02:28:32,02:29:06,194.0,302.0,138.0,270.0,INTERMEDIATE,3.0,True,02:27:11,Alfa Romeo,RAI,2,True,2021-09-26 13:28:12.977
682,02:31:03,7,00:01:56,51,3,,,00:00:40,00:00:41,00:00:34,02:29:47,02:30:28,02:31:03,204.0,295.0,142.0,265.0,INTERMEDIATE,4.0,True,02:29:06,Alfa Romeo,RAI,2,True,2021-09-26 13:30:08.594
683,02:32:57,7,00:01:54,52,3,,,00:00:39,00:00:40,00:00:34,02:31:43,02:32:23,02:32:57,207.0,300.0,139.0,,INTERMEDIATE,5.0,True,02:31:03,Alfa Romeo,RAI,1,True,2021-09-26 13:32:05.111
684,02:34:52,7,00:01:54,53,3,,,00:00:38,00:00:40,00:00:35,02:33:36,02:34:16,02:34:52,231.0,298.0,138.0,299.0,INTERMEDIATE,6.0,True,02:32:57,Alfa Romeo,RAI,1,True,2021-09-26 13:33:59.400
685,01:04:37,47,,1,1,00:25:25,,,00:00:38,00:00:34,,01:04:03,01:04:38,196.0,308.0,155.0,221.0,MEDIUM,1.0,True,01:02:41,Haas F1 Team,MSC,1,False,2021-09-26 12:03:43.826
686,01:06:24,47,00:01:46,2,1,,,00:00:38,00:00:36,00:00:31,01:05:15,01:05:52,01:06:24,226.0,305.0,157.0,294.0,MEDIUM,2.0,True,01:04:37,Haas F1 Team,MSC,2,True,2021-09-26 12:05:39.814
687,01:08:09,47,00:01:44,3,1,,,00:00:36,00:00:36,00:00:31,01:07:01,01:07:37,01:08:09,225.0,321.0,159.0,279.0,MEDIUM,3.0,True,01:06:24,Haas F1 Team,MSC,1,True,2021-09-26 12:07:26.564
688,01:09:53,47,00:01:44,4,1,,,00:00:37,00:00:36,00:00:30,01:08:46,01:09:22,01:09:53,237.0,300.0,157.0,321.0,MEDIUM,4.0,True,01:08:09,Haas F1 Team,MSC,1,True,2021-09-26 12:09:10.895
689,01:11:37,47,00:01:43,5,1,,,00:00:36,00:00:36,00:00:30,01:10:30,01:11:06,01:11:37,232.0,302.0,154.0,304.0,MEDIUM,5.0,True,01:09:53,Haas F1 Team,MSC,1,True,2021-09-26 12:10:55.481
690,01:13:20,47,00:01:43,6,1,,,00:00:36,00:00:35,00:00:31,01:12:13,01:12:49,01:13:20,238.0,302.0,152.0,301.0,MEDIUM,6.0,True,01:11:37,Haas F1 Team,MSC,1,True,2021-09-26 12:12:39.060
691,01:15:04,47,00:01:43,7,1,,,00:00:36,00:00:35,00:00:31,01:13:57,01:14:33,01:15:04,245.0,305.0,155.0,307.0,MEDIUM,7.0,True,01:13:20,Haas F1 Team,MSC,1,True,2021-09-26 12:14:22.772
692,01:16:49,47,00:01:45,8,1,,,00:00:36,00:00:36,00:00:31,01:15:41,01:16:17,01:16:49,240.0,319.0,148.0,308.0,MEDIUM,8.0,True,01:15:04,Haas F1 Team,MSC,1,True,2021-09-26 12:16:06.573
693,01:18:34,47,00:01:44,9,1,,,00:00:36,00:00:36,00:00:31,01:17:26,01:18:02,01:18:34,238.0,316.0,146.0,286.0,MEDIUM,9.0,True,01:16:49,Haas F1 Team,MSC,1,True,2021-09-26 12:17:51.635
694,01:20:18,47,00:01:44,10,1,,,00:00:36,00:00:36,00:00:31,01:19:11,01:19:47,01:20:18,245.0,302.0,153.0,285.0,MEDIUM,10.0,True,01:18:34,Haas F1 Team,MSC,1,True,2021-09-26 12:19:36.372
695,01:22:03,47,00:01:44,11,1,,,00:00:36,00:00:36,00:00:31,01:20:55,01:21:32,01:22:03,249.0,299.0,146.0,295.0,MEDIUM,11.0,True,01:20:18,Haas F1 Team,MSC,1,True,2021-09-26 12:21:20.665
696,01:23:48,47,00:01:44,12,1,,,00:00:36,00:00:36,00:00:31,01:22:40,01:23:16,01:23:48,243.0,300.0,149.0,304.0,MEDIUM,12.0,True,01:22:03,Haas F1 Team,MSC,1,True,2021-09-26 12:23:05.239
697,01:25:32,47,00:01:44,13,1,,,00:00:37,00:00:36,00:00:31,01:24:25,01:25:01,01:25:32,240.0,296.0,155.0,301.0,MEDIUM,13.0,True,01:23:48,Haas F1 Team,MSC,1,True,2021-09-26 12:24:50.229
698,01:27:17,47,00:01:44,14,1,,,00:00:36,00:00:36,00:00:31,01:26:09,01:26:46,01:27:17,248.0,294.0,156.0,297.0,MEDIUM,14.0,True,01:25:32,Haas F1 Team,MSC,1,True,2021-09-26 12:26:34.860
699,01:29:00,47,00:01:43,15,1,,,00:00:36,00:00:36,00:00:30,01:27:53,01:28:29,01:29:00,253.0,292.0,153.0,,MEDIUM,15.0,True,01:27:17,Haas F1 Team,MSC,1,True,2021-09-26 12:28:19.149
700,01:30:44,47,00:01:43,16,1,,,00:00:36,00:00:36,00:00:30,01:29:37,01:30:13,01:30:44,250.0,293.0,152.0,294.0,MEDIUM,16.0,True,01:29:00,Haas F1 Team,MSC,1,True,2021-09-26 12:30:02.568
701,01:32:27,47,00:01:43,17,1,,,00:00:36,00:00:36,00:00:30,01:31:21,01:31:57,01:32:27,253.0,293.0,152.0,297.0,MEDIUM,17.0,True,01:30:44,Haas F1 Team,MSC,1,True,2021-09-26 12:31:46.215
702,01:34:10,47,00:01:43,18,1,,,00:00:36,00:00:35,00:00:30,01:33:04,01:33:40,01:34:10,251.0,292.0,155.0,,MEDIUM,18.0,True,01:32:27,Haas F1 Team,MSC,1,True,2021-09-26 12:33:29.412
703,01:35:54,47,00:01:44,19,1,,,00:00:36,00:00:36,00:00:30,01:34:47,01:35:24,01:35:54,252.0,291.0,154.0,296.0,MEDIUM,19.0,True,01:34:10,Haas F1 Team,MSC,1,True,2021-09-26 12:35:12.545
704,01:37:42,47,00:01:48,20,1,,01:37:34,00:00:36,00:00:36,00:00:34,01:36:31,01:37:07,01:37:42,254.0,291.0,,,MEDIUM,20.0,True,01:35:54,Haas F1 Team,MSC,1,False,2021-09-26 12:36:56.599
705,01:39:45,47,00:02:02,21,2,01:38:04,,00:00:57,00:00:35,00:00:29,01:38:40,01:39:15,01:39:45,244.0,293.0,166.0,268.0,HARD,1.0,True,01:37:42,Haas F1 Team,MSC,1,False,2021-09-26 12:38:44.612
706,01:41:25,47,00:01:40,22,2,,,00:00:36,00:00:34,00:00:29,01:40:21,01:40:56,01:41:25,253.0,290.0,163.0,293.0,HARD,2.0,True,01:39:45,Haas F1 Team,MSC,1,True,2021-09-26 12:40:47.104
707,01:43:05,47,00:01:40,23,2,,,00:00:36,00:00:34,00:00:29,01:42:01,01:42:36,01:43:05,,293.0,162.0,294.0,HARD,3.0,True,01:41:25,Haas F1 Team,MSC,1,True,2021-09-26 12:42:27.380
708,01:44:46,47,00:01:40,24,2,,,00:00:36,00:00:34,00:00:29,01:43:41,01:44:16,01:44:46,255.0,293.0,156.0,297.0,HARD,4.0,True,01:43:05,Haas F1 Team,MSC,1,True,2021-09-26 12:44:07.713
709,01:46:27,47,00:01:40,25,2,,,00:00:36,00:00:34,00:00:29,01:45:22,01:45:57,01:46:27,253.0,294.0,160.0,298.0,HARD,5.0,True,01:44:46,Haas F1 Team,MSC,1,True,2021-09-26 12:45:48.265
710,01:48:07,47,00:01:40,26,2,,,00:00:35,00:00:35,00:00:29,01:47:03,01:47:38,01:48:07,257.0,298.0,160.0,299.0,HARD,6.0,True,01:46:27,Haas F1 Team,MSC,1,True,2021-09-26 12:47:29.034
711,01:49:48,47,00:01:41,27,2,,,00:00:35,00:00:35,00:00:29,01:48:43,01:49:19,01:49:48,251.0,297.0,155.0,302.0,HARD,7.0,True,01:48:07,Haas F1 Team,MSC,1,True,2021-09-26 12:49:09.732
712,01:51:30,47,00:01:41,28,2,,,00:00:36,00:00:35,00:00:29,01:50:25,01:51:00,01:51:30,246.0,296.0,154.0,301.0,HARD,8.0,True,01:49:48,Haas F1 Team,MSC,1,True,2021-09-26 12:50:50.825
713,01:53:12,47,00:01:42,29,2,,,00:00:36,00:00:35,00:00:30,01:52:06,01:52:41,01:53:12,232.0,303.0,153.0,297.0,HARD,9.0,True,01:51:30,Haas F1 Team,MSC,1,True,2021-09-26 12:52:32.325
714,01:54:54,47,00:01:41,30,2,,,00:00:36,00:00:34,00:00:30,01:53:49,01:54:24,01:54:54,248.0,317.0,155.0,277.0,HARD,10.0,True,01:53:12,Haas F1 Team,MSC,1,True,2021-09-26 12:54:14.568
715,01:56:37,47,00:01:42,31,2,,,00:00:36,00:00:35,00:00:30,01:55:31,01:56:06,01:56:37,240.0,305.0,160.0,287.0,HARD,11.0,True,01:54:54,Haas F1 Team,MSC,1,True,2021-09-26 12:55:56.469
716,01:58:24,47,00:01:47,32,2,,01:58:16,00:00:36,00:00:35,00:00:35,01:57:13,01:57:48,01:58:24,251.0,292.0,,296.0,HARD,12.0,True,01:56:37,Haas F1 Team,MSC,1,False,2021-09-26 12:57:39.008
717,01:04:35,9,,1,1,00:24:38,,,00:00:38,00:00:33,,01:04:02,01:04:35,225.0,288.0,153.0,232.0,MEDIUM,1.0,True,01:02:41,Haas F1 Team,MAZ,1,False,2021-09-26 12:03:43.826
718,01:06:20,9,00:01:45,2,1,,,00:00:37,00:00:36,00:00:31,01:05:12,01:05:49,01:06:20,240.0,295.0,154.0,283.0,MEDIUM,2.0,True,01:04:35,Haas F1 Team,MAZ,2,True,2021-09-26 12:05:37.266
719,01:08:05,9,00:01:44,3,1,,,00:00:36,00:00:36,00:00:31,01:06:57,01:07:34,01:08:05,249.0,300.0,155.0,304.0,MEDIUM,3.0,True,01:06:20,Haas F1 Team,MAZ,1,True,2021-09-26 12:07:22.583
720,01:09:50,9,00:01:44,4,1,,,00:00:37,00:00:36,00:00:30,01:08:42,01:09:19,01:09:50,228.0,301.0,152.0,302.0,MEDIUM,4.0,True,01:08:05,Haas F1 Team,MAZ,1,True,2021-09-26 12:09:07.267
721,01:11:33,9,00:01:43,5,1,,,00:00:36,00:00:35,00:00:30,01:10:26,01:11:02,01:11:33,250.0,298.0,146.0,,MEDIUM,5.0,True,01:09:50,Haas F1 Team,MAZ,1,True,2021-09-26 12:10:51.906
722,01:13:16,9,00:01:43,6,1,,,00:00:36,00:00:36,00:00:30,01:12:09,01:12:45,01:13:16,251.0,297.0,150.0,301.0,MEDIUM,6.0,True,01:11:33,Haas F1 Team,MAZ,1,True,2021-09-26 12:12:35.023
723,01:15:01,9,00:01:44,7,1,,,00:00:37,00:00:36,00:00:31,01:13:54,01:14:30,01:15:01,254.0,296.0,152.0,302.0,MEDIUM,7.0,True,01:13:16,Haas F1 Team,MAZ,1,True,2021-09-26 12:14:18.606
724,01:16:46,9,00:01:44,8,1,,,00:00:37,00:00:36,00:00:30,01:15:38,01:16:15,01:16:46,250.0,291.0,149.0,299.0,MEDIUM,8.0,True,01:15:01,Haas F1 Team,MAZ,1,True,2021-09-26 12:16:03.355
725,01:18:30,9,00:01:44,9,1,,,00:00:36,00:00:36,00:00:30,01:17:22,01:17:59,01:18:30,253.0,290.0,151.0,296.0,MEDIUM,9.0,True,01:16:46,Haas F1 Team,MAZ,1,True,2021-09-26 12:17:47.956
726,01:20:14,9,00:01:44,10,1,,,00:00:37,00:00:36,00:00:30,01:19:07,01:19:43,01:20:14,256.0,294.0,152.0,301.0,MEDIUM,10.0,True,01:18:30,Haas F1 Team,MAZ,1,True,2021-09-26 12:19:32.015
727,01:21:58,9,00:01:44,11,1,,,00:00:37,00:00:36,00:00:30,01:20:51,01:21:27,01:21:58,248.0,286.0,154.0,295.0,MEDIUM,11.0,True,01:20:14,Haas F1 Team,MAZ,1,True,2021-09-26 12:21:16.036
728,01:23:43,9,00:01:44,12,1,,,00:00:37,00:00:36,00:00:31,01:22:35,01:23:11,01:23:43,249.0,288.0,151.0,292.0,MEDIUM,12.0,True,01:21:58,Haas F1 Team,MAZ,1,True,2021-09-26 12:23:00.556
729,01:25:28,9,00:01:44,13,1,,,00:00:37,00:00:36,00:00:30,01:24:20,01:24:57,01:25:28,,296.0,150.0,295.0,MEDIUM,13.0,True,01:23:43,Haas F1 Team,MAZ,1,True,2021-09-26 12:24:45.234
730,01:27:15,9,00:01:47,14,1,,01:27:07,00:00:36,00:00:36,00:00:34,01:26:04,01:26:41,01:27:15,253.0,296.0,,302.0,MEDIUM,14.0,True,01:25:28,Haas F1 Team,MAZ,1,False,2021-09-26 12:26:29.985
731,01:29:19,9,00:02:03,15,2,01:27:37,,00:00:57,00:00:36,00:00:30,01:28:13,01:28:49,01:29:19,248.0,288.0,155.0,282.0,HARD,1.0,True,01:27:15,Haas F1 Team,MAZ,1,False,2021-09-26 12:28:17.779
732,01:31:04,9,00:01:44,16,2,,,00:00:36,00:00:36,00:00:31,01:29:56,01:30:32,01:31:04,256.0,290.0,151.0,294.0,HARD,2.0,True,01:29:19,Haas F1 Team,MAZ,1,True,2021-09-26 12:30:21.778
733,01:32:47,9,00:01:42,17,2,,,00:00:36,00:00:35,00:00:29,01:31:41,01:32:17,01:32:47,,296.0,155.0,301.0,HARD,3.0,True,01:31:04,Haas F1 Team,MAZ,1,True,2021-09-26 12:32:06.696
734,01:34:29,9,00:01:42,18,2,,,00:00:36,00:00:35,00:00:30,01:33:23,01:33:59,01:34:29,257.0,292.0,155.0,297.0,HARD,4.0,True,01:32:47,Haas F1 Team,MAZ,1,True,2021-09-26 12:33:49.255
735,01:36:11,9,00:01:42,19,2,,,00:00:36,00:00:35,00:00:29,01:35:06,01:35:41,01:36:11,255.0,293.0,153.0,296.0,HARD,5.0,True,01:34:29,Haas F1 Team,MAZ,1,True,2021-09-26 12:35:31.556
736,01:37:53,9,00:01:42,20,2,,,00:00:36,00:00:35,00:00:29,01:36:48,01:37:23,01:37:53,254.0,292.0,154.0,294.0,HARD,6.0,True,01:36:11,Haas F1 Team,MAZ,1,True,2021-09-26 12:37:13.559
737,01:39:35,9,00:01:42,21,2,,,00:00:36,00:00:35,00:00:29,01:38:30,01:39:05,01:39:35,,292.0,156.0,295.0,HARD,7.0,True,01:37:53,Haas F1 Team,MAZ,1,True,2021-09-26 12:38:55.591
738,01:41:18,9,00:01:42,22,2,,,00:00:36,00:00:35,00:00:30,01:40:12,01:40:48,01:41:18,,292.0,152.0,296.0,HARD,8.0,True,01:39:35,Haas F1 Team,MAZ,1,True,2021-09-26 12:40:37.850
739,01:43:00,9,00:01:42,23,2,,,00:00:36,00:00:35,00:00:29,01:41:55,01:42:30,01:43:00,255.0,294.0,157.0,295.0,HARD,9.0,True,01:41:18,Haas F1 Team,MAZ,1,True,2021-09-26 12:42:20.286
740,01:44:42,9,00:01:41,24,2,,,00:00:36,00:00:35,00:00:29,01:43:36,01:44:12,01:44:42,,291.0,154.0,294.0,HARD,10.0,True,01:43:00,Haas F1 Team,MAZ,1,True,2021-09-26 12:44:02.464
741,01:46:24,9,00:01:42,25,2,,,00:00:36,00:00:35,00:00:29,01:45:18,01:45:54,01:46:24,,292.0,153.0,297.0,HARD,11.0,True,01:44:42,Haas F1 Team,MAZ,1,True,2021-09-26 12:45:44.177
742,01:48:06,9,00:01:41,26,2,,,00:00:36,00:00:35,00:00:29,01:47:00,01:47:36,01:48:06,258.0,294.0,155.0,,HARD,12.0,True,01:46:24,Haas F1 Team,MAZ,1,True,2021-09-26 12:47:26.196
743,01:49:47,9,00:01:41,27,2,,,00:00:36,00:00:35,00:00:29,01:48:42,01:49:17,01:49:47,255.0,294.0,153.0,,HARD,13.0,True,01:48:06,Haas F1 Team,MAZ,1,True,2021-09-26 12:49:07.918
744,01:51:29,9,00:01:41,28,2,,,00:00:36,00:00:35,00:00:29,01:50:24,01:50:59,01:51:29,254.0,294.0,154.0,,HARD,14.0,True,01:49:47,Haas F1 Team,MAZ,1,True,2021-09-26 12:50:49.755
745,01:53:12,9,00:01:42,29,2,,,00:00:36,00:00:35,00:00:30,01:52:06,01:52:41,01:53:12,253.0,293.0,154.0,,HARD,15.0,True,01:51:29,Haas F1 Team,MAZ,1,True,2021-09-26 12:52:31.475
746,01:54:53,9,00:01:41,30,2,,,00:00:36,00:00:35,00:00:29,01:53:48,01:54:23,01:54:53,257.0,294.0,151.0,299.0,HARD,16.0,True,01:53:12,Haas F1 Team,MAZ,1,True,2021-09-26 12:54:13.900
747,01:56:38,9,00:01:45,31,2,,,00:00:36,00:00:36,00:00:32,01:55:30,01:56:06,01:56:38,247.0,293.0,154.0,,HARD,17.0,True,01:54:53,Haas F1 Team,MAZ,1,True,2021-09-26 12:55:55.737
748,01:58:21,9,00:01:42,32,2,,,00:00:36,00:00:35,00:00:30,01:57:15,01:57:51,01:58:21,246.0,296.0,156.0,292.0,HARD,18.0,True,01:56:38,Haas F1 Team,MAZ,1,True,2021-09-26 12:57:40.846
749,02:00:03,9,00:01:42,33,2,,,00:00:36,00:00:35,00:00:30,01:58:58,01:59:33,02:00:03,254.0,292.0,155.0,295.0,HARD,19.0,True,01:58:21,Haas F1 Team,MAZ,1,True,2021-09-26 12:59:23.686
750,02:01:46,9,00:01:42,34,2,,,00:00:36,00:00:35,00:00:30,02:00:40,02:01:16,02:01:46,253.0,292.0,154.0,,HARD,20.0,True,02:00:03,Haas F1 Team,MAZ,1,True,2021-09-26 13:01:05.730
751,02:03:29,9,00:01:42,35,2,,,00:00:36,00:00:35,00:00:30,02:02:23,02:02:59,02:03:29,,290.0,152.0,,HARD,21.0,True,02:01:46,Haas F1 Team,MAZ,1,True,2021-09-26 13:02:48.596
752,02:05:12,9,00:01:42,36,2,,,00:00:36,00:00:35,00:00:30,02:04:06,02:04:42,02:05:12,251.0,291.0,151.0,294.0,HARD,22.0,True,02:03:29,Haas F1 Team,MAZ,1,True,2021-09-26 13:04:31.524
753,02:06:55,9,00:01:42,37,2,,,00:00:36,00:00:35,00:00:30,02:05:49,02:06:25,02:06:55,253.0,292.0,152.0,295.0,HARD,23.0,True,02:05:12,Haas F1 Team,MAZ,1,True,2021-09-26 13:06:14.445
754,02:08:40,9,00:01:45,38,2,,,00:00:36,00:00:36,00:00:32,02:07:32,02:08:08,02:08:40,252.0,286.0,155.0,296.0,HARD,24.0,True,02:06:55,Haas F1 Team,MAZ,1,True,2021-09-26 13:07:57.313
755,02:10:23,9,00:01:42,39,2,,,00:00:36,00:00:35,00:00:30,02:09:17,02:09:53,02:10:23,250.0,295.0,154.0,302.0,HARD,25.0,True,02:08:40,Haas F1 Team,MAZ,1,True,2021-09-26 13:09:42.700
756,02:12:07,9,00:01:43,40,2,,,00:00:36,00:00:35,00:00:30,02:11:00,02:11:36,02:12:07,249.0,293.0,156.0,298.0,HARD,26.0,True,02:10:23,Haas F1 Team,MAZ,1,True,2021-09-26 13:11:25.657
757,02:13:50,9,00:01:43,41,2,,,00:00:36,00:00:35,00:00:30,02:12:43,02:13:19,02:13:50,,292.0,152.0,296.0,HARD,27.0,True,02:12:07,Haas F1 Team,MAZ,1,True,2021-09-26 13:13:08.952
758,02:15:33,9,00:01:43,42,2,,,00:00:36,00:00:35,00:00:30,02:14:27,02:15:02,02:15:33,250.0,293.0,155.0,295.0,HARD,28.0,True,02:13:50,Haas F1 Team,MAZ,1,True,2021-09-26 13:14:52.084
759,02:17:16,9,00:01:43,43,2,,,00:00:36,00:00:36,00:00:30,02:16:10,02:16:46,02:17:16,240.0,292.0,152.0,,HARD,29.0,True,02:15:33,Haas F1 Team,MAZ,1,True,2021-09-26 13:16:35.177
760,02:19:10,9,00:01:53,44,2,,,00:00:36,00:00:40,00:00:36,02:17:53,02:18:34,02:19:10,241.0,165.0,152.0,,HARD,30.0,True,02:17:16,Haas F1 Team,MAZ,1,True,2021-09-26 13:18:18.798
761,02:20:58,9,00:01:47,45,2,,,00:00:37,00:00:38,00:00:31,02:19:48,02:20:27,02:20:58,145.0,296.0,152.0,298.0,HARD,31.0,True,02:19:10,Haas F1 Team,MAZ,1,True,2021-09-26 13:20:12.766
762,02:23:12,9,00:02:13,46,2,,02:23:03,00:00:39,00:00:54,00:00:40,02:21:37,02:22:31,02:23:12,182.0,232.0,,297.0,HARD,32.0,True,02:20:58,Haas F1 Team,MAZ,2,False,2021-09-26 13:22:00.197
763,02:25:31,9,00:02:19,47,3,02:23:37,,00:01:04,00:00:40,00:00:33,02:24:16,02:24:57,02:25:31,213.0,293.0,142.0,246.0,INTERMEDIATE,1.0,True,02:23:12,Haas F1 Team,MAZ,2,False,2021-09-26 13:24:13.943
764,02:27:31,9,00:02:00,48,3,,,00:00:39,00:00:42,00:00:37,02:26:11,02:26:54,02:27:31,171.0,294.0,132.0,274.0,INTERMEDIATE,2.0,True,02:25:31,Haas F1 Team,MAZ,1,True,2021-09-26 13:26:33.169
765,02:29:38,9,00:02:06,49,3,,,00:00:47,00:00:43,00:00:35,02:28:18,02:29:02,02:29:38,166.0,283.0,138.0,216.0,INTERMEDIATE,3.0,True,02:27:31,Haas F1 Team,MAZ,2,True,2021-09-26 13:28:33.478
766,02:31:43,9,00:02:04,50,3,,,00:00:45,00:00:42,00:00:36,02:30:24,02:31:06,02:31:43,181.0,286.0,146.0,218.0,INTERMEDIATE,4.0,True,02:29:38,Haas F1 Team,MAZ,2,True,2021-09-26 13:30:40.062
767,02:33:39,9,00:01:56,51,3,,,00:00:40,00:00:40,00:00:35,02:32:23,02:33:04,02:33:39,191.0,295.0,142.0,264.0,INTERMEDIATE,5.0,True,02:31:43,Haas F1 Team,MAZ,1,True,2021-09-26 13:32:45.011
768,01:04:36,77,,1,1,00:24:35,,,00:00:38,00:00:33,,01:04:03,01:04:36,222.0,287.0,153.0,228.0,HARD,1.0,True,01:02:41,Mercedes,BOT,1,False,2021-09-26 12:03:43.826
769,01:06:22,77,00:01:45,2,1,,,00:00:37,00:00:36,00:00:31,01:05:13,01:05:50,01:06:22,218.0,298.0,158.0,276.0,HARD,2.0,True,01:04:36,Mercedes,BOT,2,True,2021-09-26 12:05:38.058
770,01:08:05,77,00:01:43,3,1,,,00:00:36,00:00:35,00:00:31,01:06:58,01:07:34,01:08:05,226.0,317.0,160.0,308.0,HARD,3.0,True,01:06:22,Mercedes,BOT,1,True,2021-09-26 12:07:23.953
771,01:09:47,77,00:01:41,4,1,,,00:00:35,00:00:35,00:00:29,01:08:41,01:09:17,01:09:47,243.0,295.0,159.0,326.0,HARD,4.0,True,01:08:05,Mercedes,BOT,1,True,2021-09-26 12:09:07.845
772,01:11:29,77,00:01:42,5,1,,,00:00:36,00:00:35,00:00:30,01:10:23,01:10:58,01:11:29,239.0,318.0,159.0,299.0,HARD,5.0,True,01:09:47,Mercedes,BOT,1,True,2021-09-26 12:10:49.282
773,01:13:13,77,00:01:43,6,1,,,00:00:36,00:00:35,00:00:31,01:12:05,01:12:41,01:13:13,231.0,322.0,160.0,301.0,HARD,6.0,True,01:11:29,Mercedes,BOT,1,True,2021-09-26 12:12:31.541
774,01:14:55,77,00:01:42,7,1,,,00:00:35,00:00:35,00:00:30,01:13:49,01:14:24,01:14:55,236.0,319.0,160.0,300.0,HARD,7.0,True,01:13:13,Mercedes,BOT,1,True,2021-09-26 12:14:15.366
775,01:16:38,77,00:01:42,8,1,,,00:00:36,00:00:35,00:00:31,01:15:31,01:16:07,01:16:38,228.0,319.0,158.0,296.0,HARD,8.0,True,01:14:55,Mercedes,BOT,1,True,2021-09-26 12:15:57.732
776,01:18:20,77,00:01:42,9,1,,,00:00:36,00:00:35,00:00:30,01:17:14,01:17:50,01:18:20,241.0,314.0,161.0,300.0,HARD,9.0,True,01:16:38,Mercedes,BOT,1,True,2021-09-26 12:17:40.571
777,01:20:04,77,00:01:43,10,1,,,00:00:36,00:00:35,00:00:31,01:18:56,01:19:32,01:20:04,232.0,323.0,156.0,294.0,HARD,10.0,True,01:18:20,Mercedes,BOT,1,True,2021-09-26 12:19:22.774
778,01:21:46,77,00:01:42,11,1,,,00:00:35,00:00:35,00:00:30,01:20:40,01:21:16,01:21:46,233.0,315.0,161.0,307.0,HARD,11.0,True,01:20:04,Mercedes,BOT,1,True,2021-09-26 12:21:06.389
779,01:23:28,77,00:01:42,12,1,,,00:00:35,00:00:35,00:00:30,01:22:22,01:22:57,01:23:28,243.0,322.0,156.0,322.0,HARD,12.0,True,01:21:46,Mercedes,BOT,1,True,2021-09-26 12:22:48.577
780,01:25:11,77,00:01:42,13,1,,,00:00:36,00:00:35,00:00:30,01:24:04,01:24:40,01:25:11,246.0,321.0,160.0,296.0,HARD,13.0,True,01:23:28,Mercedes,BOT,1,True,2021-09-26 12:24:30.689
781,01:26:54,77,00:01:42,14,1,,,00:00:36,00:00:35,00:00:31,01:25:47,01:26:22,01:26:54,234.0,322.0,158.0,306.0,HARD,14.0,True,01:25:11,Mercedes,BOT,1,True,2021-09-26 12:26:12.998
782,01:28:36,77,00:01:42,15,1,,,00:00:36,00:00:35,00:00:30,01:27:30,01:28:05,01:28:36,230.0,314.0,157.0,309.0,HARD,15.0,True,01:26:54,Mercedes,BOT,1,True,2021-09-26 12:27:55.951
783,01:30:19,77,00:01:42,16,1,,,00:00:36,00:00:35,00:00:31,01:29:12,01:29:47,01:30:19,244.0,325.0,158.0,298.0,HARD,16.0,True,01:28:36,Mercedes,BOT,1,True,2021-09-26 12:29:38.516
784,01:32:00,77,00:01:41,17,1,,,00:00:36,00:00:35,00:00:30,01:30:55,01:31:30,01:32:00,241.0,305.0,161.0,308.0,HARD,17.0,True,01:30:19,Mercedes,BOT,1,True,2021-09-26 12:31:20.977
785,01:33:42,77,00:01:41,18,1,,,00:00:35,00:00:34,00:00:30,01:32:36,01:33:11,01:33:42,252.0,322.0,161.0,298.0,HARD,18.0,True,01:32:00,Mercedes,BOT,1,True,2021-09-26 12:33:02.777
786,01:35:23,77,00:01:41,19,1,,,00:00:36,00:00:35,00:00:30,01:34:18,01:34:53,01:35:23,245.0,307.0,161.0,324.0,HARD,19.0,True,01:33:42,Mercedes,BOT,1,True,2021-09-26 12:34:44.226
787,01:37:05,77,00:01:41,20,1,,,00:00:36,00:00:34,00:00:30,01:35:59,01:36:34,01:37:05,248.0,321.0,157.0,307.0,HARD,20.0,True,01:35:23,Mercedes,BOT,1,True,2021-09-26 12:36:25.700
788,01:38:47,77,00:01:41,21,1,,,00:00:36,00:00:35,00:00:30,01:37:41,01:38:16,01:38:47,249.0,311.0,162.0,,HARD,21.0,True,01:37:05,Mercedes,BOT,1,True,2021-09-26 12:38:07.394
789,01:40:28,77,00:01:41,22,1,,,00:00:35,00:00:34,00:00:30,01:39:23,01:39:57,01:40:28,250.0,321.0,160.0,301.0,HARD,22.0,True,01:38:47,Mercedes,BOT,1,True,2021-09-26 12:39:49.000
790,01:42:09,77,00:01:41,23,1,,,00:00:35,00:00:34,00:00:30,01:41:04,01:41:39,01:42:09,248.0,312.0,158.0,312.0,HARD,23.0,True,01:40:28,Mercedes,BOT,1,True,2021-09-26 12:41:30.560
791,01:43:50,77,00:01:41,24,1,,,00:00:35,00:00:35,00:00:30,01:42:45,01:43:20,01:43:50,247.0,304.0,159.0,306.0,HARD,24.0,True,01:42:09,Mercedes,BOT,1,True,2021-09-26 12:43:11.571
792,01:45:32,77,00:01:41,25,1,,,00:00:36,00:00:34,00:00:30,01:44:27,01:45:01,01:45:32,253.0,323.0,162.0,302.0,HARD,25.0,True,01:43:50,Mercedes,BOT,1,True,2021-09-26 12:44:52.857
793,01:47:14,77,00:01:41,26,1,,,00:00:36,00:00:35,00:00:30,01:46:08,01:46:43,01:47:14,243.0,309.0,156.0,323.0,HARD,26.0,True,01:45:32,Mercedes,BOT,1,True,2021-09-26 12:46:34.295
794,01:48:56,77,00:01:42,27,1,,,00:00:36,00:00:35,00:00:29,01:47:51,01:48:26,01:48:56,251.0,293.0,161.0,312.0,HARD,27.0,True,01:47:14,Mercedes,BOT,1,True,2021-09-26 12:48:16.227
795,01:50:42,77,00:01:45,28,1,,01:50:34,00:00:35,00:00:35,00:00:34,01:49:32,01:50:07,01:50:42,253.0,293.0,,300.0,HARD,28.0,True,01:48:56,Mercedes,BOT,1,False,2021-09-26 12:49:58.589
796,01:52:40,77,00:01:58,29,2,01:51:04,,00:00:56,00:00:33,00:00:28,01:51:38,01:52:12,01:52:40,257.0,289.0,171.0,300.0,MEDIUM,1.0,True,01:50:42,Mercedes,BOT,1,False,2021-09-26 12:51:44.212
797,01:54:20,77,00:01:39,30,2,,,00:00:35,00:00:33,00:00:30,01:53:16,01:53:50,01:54:20,255.0,311.0,168.0,292.0,MEDIUM,2.0,True,01:52:40,Mercedes,BOT,1,True,2021-09-26 12:53:42.662
798,01:55:58,77,00:01:38,31,2,,,00:00:35,00:00:34,00:00:28,01:54:55,01:55:29,01:55:58,256.0,290.0,169.0,326.0,MEDIUM,3.0,True,01:54:20,Mercedes,BOT,1,True,2021-09-26 12:55:22.209
799,01:57:37,77,00:01:38,32,2,,,00:00:35,00:00:34,00:00:29,01:56:34,01:57:08,01:57:37,,292.0,165.0,291.0,MEDIUM,4.0,True,01:55:58,Mercedes,BOT,1,True,2021-09-26 12:57:00.425
800,01:59:16,77,00:01:38,33,2,,,00:00:35,00:00:34,00:00:28,01:58:13,01:58:47,01:59:16,258.0,298.0,166.0,297.0,MEDIUM,5.0,True,01:57:37,Mercedes,BOT,1,True,2021-09-26 12:58:39.356
801,02:00:56,77,00:01:39,34,2,,,00:00:35,00:00:34,00:00:29,01:59:51,02:00:26,02:00:56,255.0,316.0,164.0,317.0,MEDIUM,6.0,True,01:59:16,Mercedes,BOT,1,True,2021-09-26 13:00:18.205
802,02:02:36,77,00:01:40,35,2,,,00:00:35,00:00:34,00:00:30,02:01:31,02:02:06,02:02:36,252.0,314.0,166.0,314.0,MEDIUM,7.0,True,02:00:56,Mercedes,BOT,1,True,2021-09-26 13:01:57.988
803,02:04:17,77,00:01:41,36,2,,,00:00:36,00:00:34,00:00:29,02:03:13,02:03:47,02:04:17,250.0,309.0,165.0,305.0,MEDIUM,8.0,True,02:02:36,Mercedes,BOT,1,True,2021-09-26 13:03:38.228
804,02:05:58,77,00:01:40,37,2,,,00:00:35,00:00:34,00:00:30,02:04:52,02:05:27,02:05:58,244.0,316.0,161.0,315.0,MEDIUM,9.0,True,02:04:17,Mercedes,BOT,1,True,2021-09-26 13:05:19.464
805,02:07:38,77,00:01:40,38,2,,,00:00:35,00:00:34,00:00:30,02:06:33,02:07:08,02:07:38,240.0,321.0,161.0,316.0,MEDIUM,10.0,True,02:05:58,Mercedes,BOT,1,True,2021-09-26 13:07:00.138
806,02:09:19,77,00:01:40,39,2,,,00:00:35,00:00:34,00:00:30,02:08:14,02:08:49,02:09:19,249.0,324.0,160.0,317.0,MEDIUM,11.0,True,02:07:38,Mercedes,BOT,1,True,2021-09-26 13:08:40.751
807,02:11:00,77,00:01:41,40,2,,,00:00:37,00:00:34,00:00:29,02:09:57,02:10:31,02:11:00,252.0,297.0,163.0,302.0,MEDIUM,12.0,True,02:09:19,Mercedes,BOT,1,True,2021-09-26 13:10:21.511
808,02:12:41,77,00:01:40,41,2,,,00:00:35,00:00:34,00:00:30,02:11:36,02:12:10,02:12:41,254.0,315.0,162.0,316.0,MEDIUM,13.0,True,02:11:00,Mercedes,BOT,1,True,2021-09-26 13:12:02.827
809,02:14:22,77,00:01:41,42,2,,,00:00:35,00:00:34,00:00:30,02:13:17,02:13:51,02:14:22,247.0,321.0,159.0,318.0,MEDIUM,14.0,True,02:12:41,Mercedes,BOT,1,True,2021-09-26 13:13:43.193
810,02:16:04,77,00:01:41,43,2,,,00:00:35,00:00:35,00:00:30,02:14:58,02:15:33,02:16:04,245.0,321.0,164.0,293.0,MEDIUM,15.0,True,02:14:22,Mercedes,BOT,1,True,2021-09-26 13:15:24.299
811,02:17:45,77,00:01:41,44,2,,,00:00:35,00:00:35,00:00:30,02:16:40,02:17:15,02:17:45,249.0,304.0,164.0,330.0,MEDIUM,16.0,True,02:16:04,Mercedes,BOT,1,True,2021-09-26 13:17:06.232
812,02:19:26,77,00:01:41,45,2,,,00:00:35,00:00:35,00:00:29,02:18:21,02:18:56,02:19:26,244.0,309.0,164.0,328.0,MEDIUM,17.0,True,02:17:45,Mercedes,BOT,1,True,2021-09-26 13:18:47.387
813,02:21:08,77,00:01:42,46,2,,,00:00:35,00:00:36,00:00:29,02:20:02,02:20:38,02:21:08,215.0,296.0,166.0,299.0,MEDIUM,18.0,True,02:19:26,Mercedes,BOT,1,True,2021-09-26 13:20:28.572
814,02:23:05,77,00:01:56,47,2,,02:22:56,00:00:37,00:00:41,00:00:36,02:21:46,02:22:28,02:23:05,196.0,292.0,,296.0,MEDIUM,19.0,True,02:21:08,Mercedes,BOT,2,False,2021-09-26 13:22:10.814
815,02:25:12,77,00:02:07,48,3,02:23:26,,00:00:57,00:00:38,00:00:31,02:24:02,02:24:40,02:25:12,229.0,289.0,158.0,288.0,INTERMEDIATE,1.0,True,02:23:05,Mercedes,BOT,2,False,2021-09-26 13:24:06.919
816,02:27:01,77,00:01:49,49,3,,,00:00:37,00:00:38,00:00:33,02:25:49,02:26:28,02:27:01,222.0,298.0,151.0,281.0,INTERMEDIATE,2.0,True,02:25:12,Mercedes,BOT,1,True,2021-09-26 13:26:13.959
817,02:28:57,77,00:01:55,50,3,,,00:00:41,00:00:41,00:00:33,02:27:42,02:28:24,02:28:57,190.0,292.0,145.0,266.0,INTERMEDIATE,3.0,True,02:27:01,Mercedes,BOT,2,True,2021-09-26 13:28:03.640
818,02:30:49,77,00:01:51,51,3,,,00:00:39,00:00:39,00:00:33,02:29:36,02:30:16,02:30:49,213.0,290.0,151.0,261.0,INTERMEDIATE,4.0,True,02:28:57,Mercedes,BOT,2,True,2021-09-26 13:29:59.399
819,02:32:40,77,00:01:51,52,3,,,00:00:39,00:00:38,00:00:33,02:31:28,02:32:07,02:32:40,221.0,297.0,150.0,267.0,INTERMEDIATE,5.0,True,02:30:49,Mercedes,BOT,1,True,2021-09-26 13:31:51.008
820,02:34:30,77,00:01:50,53,3,,,00:00:38,00:00:39,00:00:33,02:33:18,02:33:57,02:34:30,218.0,305.0,146.0,283.0,INTERMEDIATE,6.0,True,02:32:40,Mercedes,BOT,1,True,2021-09-26 13:33:42.271
821,01:04:38,99,,1,1,00:26:38,,,00:00:39,00:00:33,,01:04:05,01:04:38,198.0,304.0,159.0,218.0,HARD,1.0,True,01:02:41,Alfa Romeo,GIO,1,False,2021-09-26 12:03:43.826
822,01:06:24,99,00:01:45,2,1,,,00:00:37,00:00:37,00:00:31,01:05:15,01:05:52,01:06:24,227.0,299.0,159.0,302.0,HARD,2.0,True,01:04:38,Alfa Romeo,GIO,2,True,2021-09-26 12:05:40.180
823,01:08:08,99,00:01:43,3,1,,,00:00:36,00:00:36,00:00:31,01:07:01,01:07:37,01:08:08,240.0,316.0,157.0,299.0,HARD,3.0,True,01:06:24,Alfa Romeo,GIO,1,True,2021-09-26 12:07:26.121
824,01:09:51,99,00:01:43,4,1,,,00:00:36,00:00:36,00:00:31,01:08:44,01:09:20,01:09:51,245.0,322.0,157.0,311.0,HARD,4.0,True,01:08:08,Alfa Romeo,GIO,1,True,2021-09-26 12:09:10.060
825,01:11:34,99,00:01:43,5,1,,,00:00:36,00:00:35,00:00:30,01:10:28,01:11:04,01:11:34,242.0,313.0,156.0,310.0,HARD,5.0,True,01:09:51,Alfa Romeo,GIO,1,True,2021-09-26 12:10:53.628
826,01:13:18,99,00:01:43,6,1,,,00:00:36,00:00:35,00:00:31,01:12:11,01:12:47,01:13:18,241.0,318.0,156.0,305.0,HARD,6.0,True,01:11:34,Alfa Romeo,GIO,1,True,2021-09-26 12:12:36.879
827,01:15:02,99,00:01:44,7,1,,,00:00:36,00:00:36,00:00:31,01:13:55,01:14:31,01:15:02,237.0,324.0,157.0,318.0,HARD,7.0,True,01:13:18,Alfa Romeo,GIO,1,True,2021-09-26 12:14:20.290
828,01:16:48,99,00:01:45,8,1,,,00:00:37,00:00:36,00:00:31,01:15:39,01:16:16,01:16:48,247.0,321.0,154.0,304.0,HARD,8.0,True,01:15:02,Alfa Romeo,GIO,1,True,2021-09-26 12:16:04.615
829,01:18:31,99,00:01:43,9,1,,,00:00:36,00:00:35,00:00:30,01:17:25,01:18:01,01:18:31,248.0,298.0,156.0,291.0,HARD,9.0,True,01:16:48,Alfa Romeo,GIO,1,True,2021-09-26 12:17:50.147
830,01:20:15,99,00:01:43,10,1,,,00:00:36,00:00:36,00:00:31,01:19:08,01:19:44,01:20:15,245.0,322.0,155.0,319.0,HARD,10.0,True,01:18:31,Alfa Romeo,GIO,1,True,2021-09-26 12:19:33.679
831,01:21:59,99,00:01:43,11,1,,,00:00:36,00:00:36,00:00:30,01:20:52,01:21:29,01:21:59,235.0,291.0,157.0,310.0,HARD,11.0,True,01:20:15,Alfa Romeo,GIO,1,True,2021-09-26 12:21:17.654
832,01:23:43,99,00:01:44,12,1,,,00:00:36,00:00:35,00:00:31,01:22:36,01:23:12,01:23:43,249.0,319.0,156.0,302.0,HARD,12.0,True,01:21:59,Alfa Romeo,GIO,1,True,2021-09-26 12:23:01.593
833,01:25:25,99,00:01:41,13,1,,,00:00:36,00:00:35,00:00:30,01:24:20,01:24:55,01:25:25,253.0,291.0,159.0,322.0,HARD,13.0,True,01:23:43,Alfa Romeo,GIO,1,True,2021-09-26 12:24:45.768
834,01:27:07,99,00:01:42,14,1,,,00:00:36,00:00:35,00:00:30,01:26:02,01:26:37,01:27:07,252.0,291.0,159.0,294.0,HARD,14.0,True,01:25:25,Alfa Romeo,GIO,1,True,2021-09-26 12:26:27.617
835,01:28:50,99,00:01:42,15,1,,,00:00:36,00:00:35,00:00:30,01:27:44,01:28:20,01:28:50,253.0,295.0,160.0,298.0,HARD,15.0,True,01:27:07,Alfa Romeo,GIO,1,True,2021-09-26 12:28:09.841
836,01:30:32,99,00:01:41,16,1,,,00:00:36,00:00:35,00:00:29,01:29:26,01:30:02,01:30:32,254.0,292.0,163.0,288.0,HARD,16.0,True,01:28:50,Alfa Romeo,GIO,1,True,2021-09-26 12:29:51.954
837,01:32:13,99,00:01:41,17,1,,,00:00:36,00:00:35,00:00:29,01:31:08,01:31:43,01:32:13,257.0,294.0,161.0,292.0,HARD,17.0,True,01:30:32,Alfa Romeo,GIO,1,True,2021-09-26 12:31:33.952
838,01:33:55,99,00:01:41,18,1,,,00:00:36,00:00:35,00:00:29,01:32:50,01:33:25,01:33:55,256.0,293.0,162.0,291.0,HARD,18.0,True,01:32:13,Alfa Romeo,GIO,1,True,2021-09-26 12:33:15.599
839,01:35:36,99,00:01:41,19,1,,,00:00:36,00:00:35,00:00:29,01:34:31,01:35:06,01:35:36,252.0,293.0,162.0,,HARD,19.0,True,01:33:55,Alfa Romeo,GIO,1,True,2021-09-26 12:34:57.012
840,01:37:18,99,00:01:41,20,1,,,00:00:36,00:00:35,00:00:29,01:36:13,01:36:48,01:37:18,255.0,293.0,163.0,,HARD,20.0,True,01:35:36,Alfa Romeo,GIO,1,True,2021-09-26 12:36:38.477
841,01:38:59,99,00:01:41,21,1,,,00:00:36,00:00:35,00:00:29,01:37:54,01:38:29,01:38:59,250.0,294.0,161.0,,HARD,21.0,True,01:37:18,Alfa Romeo,GIO,1,True,2021-09-26 12:38:20.170
842,01:40:42,99,00:01:42,22,1,,,00:00:36,00:00:35,00:00:31,01:39:35,01:40:11,01:40:42,248.0,293.0,157.0,300.0,HARD,22.0,True,01:38:59,Alfa Romeo,GIO,1,True,2021-09-26 12:40:01.491
843,01:42:25,99,00:01:42,23,1,,,00:00:36,00:00:35,00:00:30,01:41:19,01:41:54,01:42:25,252.0,298.0,161.0,291.0,HARD,23.0,True,01:40:42,Alfa Romeo,GIO,1,True,2021-09-26 12:41:44.357
844,01:44:08,99,00:01:43,24,1,,,00:00:37,00:00:35,00:00:30,01:43:02,01:43:38,01:44:08,245.0,295.0,160.0,297.0,HARD,24.0,True,01:42:25,Alfa Romeo,GIO,1,True,2021-09-26 12:43:26.898
845,01:45:49,99,00:01:41,25,1,,,00:00:36,00:00:35,00:00:29,01:44:44,01:45:20,01:45:49,258.0,294.0,158.0,298.0,HARD,25.0,True,01:44:08,Alfa Romeo,GIO,1,True,2021-09-26 12:45:10.378
846,01:47:31,99,00:01:41,26,1,,,00:00:36,00:00:35,00:00:29,01:46:26,01:47:01,01:47:31,255.0,295.0,162.0,291.0,HARD,26.0,True,01:45:49,Alfa Romeo,GIO,1,True,2021-09-26 12:46:51.874
847,01:49:12,99,00:01:41,27,1,,,00:00:36,00:00:35,00:00:29,01:48:08,01:48:43,01:49:12,253.0,296.0,159.0,,HARD,27.0,True,01:47:31,Alfa Romeo,GIO,1,True,2021-09-26 12:48:33.484
848,01:50:54,99,00:01:41,28,1,,,00:00:36,00:00:35,00:00:29,01:49:49,01:50:24,01:50:54,250.0,296.0,162.0,292.0,HARD,28.0,True,01:49:12,Alfa Romeo,GIO,1,True,2021-09-26 12:50:14.828
849,01:52:37,99,00:01:43,29,1,,,00:00:36,00:00:35,00:00:31,01:51:30,01:52:06,01:52:37,254.0,296.0,160.0,289.0,HARD,29.0,True,01:50:54,Alfa Romeo,GIO,1,True,2021-09-26 12:51:56.146
850,01:54:19,99,00:01:42,30,1,,,00:00:37,00:00:35,00:00:29,01:53:14,01:53:49,01:54:19,252.0,298.0,158.0,288.0,HARD,30.0,True,01:52:37,Alfa Romeo,GIO,1,True,2021-09-26 12:53:39.459
851,01:56:01,99,00:01:41,31,1,,,00:00:36,00:00:35,00:00:29,01:54:56,01:55:31,01:56:01,253.0,299.0,160.0,292.0,HARD,31.0,True,01:54:19,Alfa Romeo,GIO,1,True,2021-09-26 12:55:21.669
852,01:57:42,99,00:01:41,32,1,,,00:00:36,00:00:35,00:00:29,01:56:37,01:57:13,01:57:42,251.0,295.0,161.0,289.0,HARD,32.0,True,01:56:01,Alfa Romeo,GIO,1,True,2021-09-26 12:57:03.360
853,01:59:23,99,00:01:41,33,1,,,00:00:36,00:00:35,00:00:29,01:58:19,01:58:54,01:59:23,252.0,294.0,162.0,294.0,HARD,33.0,True,01:57:42,Alfa Romeo,GIO,1,True,2021-09-26 12:58:44.620
854,02:01:04,99,,34,1,,,00:00:36,00:00:35,00:00:29,02:00:00,02:00:35,02:01:04,,293.0,161.0,289.0,HARD,34.0,True,01:59:23,Alfa Romeo,GIO,1,True,2021-09-26 13:00:25.676
855,02:02:47,99,00:01:42,35,1,,,00:00:36,00:00:35,00:00:30,02:01:41,02:02:16,02:02:47,251.0,293.0,159.0,292.0,HARD,35.0,True,02:01:04,Alfa Romeo,GIO,1,True,2021-09-26 13:02:06.676
856,02:04:33,99,00:01:46,36,1,,02:04:25,00:00:36,00:00:35,00:00:34,02:03:23,02:03:59,02:04:33,,293.0,,297.0,HARD,36.0,True,02:02:47,Alfa Romeo,GIO,1,False,2021-09-26 13:03:49.056
857,02:06:35,99,00:02:01,37,2,02:04:56,,00:00:57,00:00:34,00:00:28,02:05:31,02:06:06,02:06:35,254.0,285.0,170.0,256.0,MEDIUM,1.0,True,02:04:33,Alfa Romeo,GIO,1,False,2021-09-26 13:05:35.564
858,02:08:14,99,00:01:39,38,2,,,00:00:35,00:00:34,00:00:28,02:07:11,02:07:45,02:08:14,260.0,293.0,166.0,295.0,MEDIUM,2.0,True,02:06:35,Alfa Romeo,GIO,1,True,2021-09-26 13:07:37.121
859,02:09:53,99,00:01:39,39,2,,,00:00:35,00:00:34,00:00:28,02:08:50,02:09:24,02:09:53,261.0,296.0,166.0,297.0,MEDIUM,3.0,True,02:08:14,Alfa Romeo,GIO,1,True,2021-09-26 13:09:16.237
860,02:11:32,99,00:01:39,40,2,,,00:00:36,00:00:34,00:00:28,02:10:29,02:11:04,02:11:32,253.0,293.0,166.0,289.0,MEDIUM,4.0,True,02:09:53,Alfa Romeo,GIO,1,True,2021-09-26 13:10:55.295
861,02:13:12,99,00:01:39,41,2,,,00:00:36,00:00:34,00:00:29,02:12:08,02:12:43,02:13:12,255.0,293.0,168.0,284.0,MEDIUM,5.0,True,02:11:32,Alfa Romeo,GIO,1,True,2021-09-26 13:12:34.751
862,02:14:52,99,00:01:39,42,2,,,00:00:35,00:00:34,00:00:28,02:13:48,02:14:23,02:14:52,254.0,295.0,166.0,292.0,MEDIUM,6.0,True,02:13:12,Alfa Romeo,GIO,1,True,2021-09-26 13:14:14.476
863,02:16:31,99,00:01:39,43,2,,,00:00:36,00:00:34,00:00:28,02:15:28,02:16:02,02:16:31,255.0,296.0,166.0,293.0,MEDIUM,7.0,True,02:14:52,Alfa Romeo,GIO,1,True,2021-09-26 13:15:54.128
864,02:18:11,99,00:01:39,44,2,,,00:00:35,00:00:34,00:00:29,02:17:07,02:17:42,02:18:11,253.0,295.0,165.0,297.0,MEDIUM,8.0,True,02:16:31,Alfa Romeo,GIO,1,True,2021-09-26 13:17:33.773
865,02:19:53,99,00:01:41,45,2,,,00:00:35,00:00:36,00:00:29,02:18:47,02:19:23,02:19:53,252.0,296.0,165.0,,MEDIUM,9.0,True,02:18:11,Alfa Romeo,GIO,1,True,2021-09-26 13:19:13.480
866,02:21:36,99,00:01:43,46,2,,,00:00:36,00:00:37,00:00:29,02:20:29,02:21:07,02:21:36,212.0,296.0,158.0,290.0,MEDIUM,10.0,True,02:19:53,Alfa Romeo,GIO,1,True,2021-09-26 13:20:55.150
867,02:23:35,99,00:01:58,47,2,,,00:00:39,00:00:46,00:00:32,02:22:15,02:23:02,02:23:35,203.0,274.0,160.0,263.0,MEDIUM,11.0,True,02:21:36,Alfa Romeo,GIO,2,True,2021-09-26 13:22:38.458
868,02:25:33,99,,48,2,,,00:00:40,00:00:44,00:00:33,02:24:15,02:25:00,02:25:33,207.0,294.0,145.0,241.0,MEDIUM,12.0,True,02:23:35,Alfa Romeo,GIO,2,True,2021-09-26 13:24:37.312
869,02:27:30,99,00:01:57,49,2,,,00:00:38,00:00:44,00:00:33,02:26:12,02:26:57,02:27:30,174.0,288.0,122.0,232.0,MEDIUM,13.0,True,02:25:33,Alfa Romeo,GIO,1,True,2021-09-26 13:26:35.312
870,02:30:22,99,,50,2,,02:30:13,00:00:53,00:01:05,00:00:53,02:28:24,02:29:29,02:30:23,130.0,153.0,,216.0,MEDIUM,14.0,True,02:27:30,Alfa Romeo,GIO,2,False,2021-09-26 13:28:32.481
871,02:32:47,99,00:02:24,51,3,02:30:47,,00:01:06,00:00:42,00:00:34,02:31:29,02:32:12,02:32:47,158.0,286.0,141.0,203.0,INTERMEDIATE,1.0,True,02:30:22,Alfa Romeo,GIO,1,False,2021-09-26 13:31:24.828
872,02:34:45,99,00:01:58,52,3,,,00:00:40,00:00:41,00:00:36,02:33:27,02:34:09,02:34:45,174.0,297.0,119.0,237.0,INTERMEDIATE,2.0,True,02:32:47,Alfa Romeo,GIO,1,True,2021-09-26 13:33:48.991
873,01:04:36,6,,1,1,00:26:07,,,00:00:38,00:00:33,,01:04:03,01:04:36,226.0,293.0,158.0,217.0,MEDIUM,1.0,True,01:02:41,Williams,LAT,1,False,2021-09-26 12:03:43.826
874,01:06:23,6,00:01:46,2,1,,,00:00:37,00:00:37,00:00:32,01:05:14,01:05:51,01:06:23,228.0,300.0,162.0,273.0,MEDIUM,2.0,True,01:04:36,Williams,LAT,2,True,2021-09-26 12:05:38.448
875,01:08:07,6,00:01:43,3,1,,,00:00:36,00:00:36,00:00:30,01:07:00,01:07:36,01:08:07,241.0,305.0,158.0,292.0,MEDIUM,3.0,True,01:06:23,Williams,LAT,1,True,2021-09-26 12:07:25.398
876,01:09:50,6,00:01:43,4,1,,,00:00:36,00:00:36,00:00:30,01:08:43,01:09:20,01:09:50,238.0,319.0,159.0,310.0,MEDIUM,4.0,True,01:08:07,Williams,LAT,1,True,2021-09-26 12:09:09.249
877,01:11:34,6,00:01:43,5,1,,,00:00:36,00:00:35,00:00:30,01:10:27,01:11:03,01:11:34,232.0,303.0,155.0,285.0,MEDIUM,5.0,True,01:09:50,Williams,LAT,1,True,2021-09-26 12:10:52.884
878,01:13:17,6,00:01:43,6,1,,,00:00:36,00:00:35,00:00:31,01:12:10,01:12:46,01:13:17,244.0,318.0,155.0,311.0,MEDIUM,6.0,True,01:11:34,Williams,LAT,1,True,2021-09-26 12:12:36.053
879,01:15:02,6,00:01:44,7,1,,,00:00:37,00:00:35,00:00:31,01:13:54,01:14:30,01:15:02,,320.0,150.0,,MEDIUM,7.0,True,01:13:17,Williams,LAT,1,True,2021-09-26 12:14:19.432
880,01:16:47,6,00:01:45,8,1,,,00:00:37,00:00:36,00:00:31,01:15:39,01:16:16,01:16:47,239.0,306.0,157.0,294.0,MEDIUM,8.0,True,01:15:02,Williams,LAT,1,True,2021-09-26 12:16:04.098
881,01:18:30,6,00:01:43,9,1,,,00:00:36,00:00:35,00:00:31,01:17:24,01:17:59,01:18:30,246.0,313.0,160.0,307.0,MEDIUM,9.0,True,01:16:47,Williams,LAT,1,True,2021-09-26 12:17:49.460
882,01:20:15,6,00:01:44,10,1,,,00:00:36,00:00:35,00:00:31,01:19:07,01:19:43,01:20:15,249.0,318.0,160.0,294.0,MEDIUM,10.0,True,01:18:30,Williams,LAT,1,True,2021-09-26 12:19:32.823
883,01:22:01,6,00:01:46,11,1,,,00:00:36,00:00:37,00:00:31,01:20:51,01:21:29,01:22:01,240.0,315.0,157.0,310.0,MEDIUM,11.0,True,01:20:15,Williams,LAT,1,True,2021-09-26 12:21:16.942
884,01:23:45,6,00:01:44,12,1,,,00:00:36,00:00:36,00:00:31,01:22:37,01:23:14,01:23:45,245.0,297.0,152.0,300.0,MEDIUM,12.0,True,01:22:01,Williams,LAT,1,True,2021-09-26 12:23:03.147
885,01:25:33,6,00:01:48,13,1,,01:25:25,00:00:36,00:00:36,00:00:35,01:24:22,01:24:58,01:25:33,249.0,299.0,,298.0,MEDIUM,13.0,True,01:23:45,Williams,LAT,1,False,2021-09-26 12:24:47.207
886,01:27:35,6,00:02:01,14,2,01:25:55,,00:00:57,00:00:35,00:00:29,01:26:30,01:27:05,01:27:35,255.0,290.0,166.0,277.0,HARD,1.0,True,01:25:33,Williams,LAT,1,False,2021-09-26 12:26:35.475
887,01:29:16,6,00:01:41,15,2,,,00:00:36,00:00:35,00:00:29,01:28:11,01:28:46,01:29:16,256.0,289.0,164.0,293.0,HARD,2.0,True,01:27:35,Williams,LAT,1,True,2021-09-26 12:28:37.200
888,01:30:58,6,00:01:41,16,2,,,00:00:36,00:00:35,00:00:29,01:29:52,01:30:28,01:30:58,252.0,289.0,168.0,295.0,HARD,3.0,True,01:29:16,Williams,LAT,1,True,2021-09-26 12:30:18.657
889,01:32:39,6,00:01:41,17,2,,,00:00:36,00:00:35,00:00:30,01:31:34,01:32:09,01:32:39,,290.0,162.0,299.0,HARD,4.0,True,01:30:58,Williams,LAT,1,True,2021-09-26 12:32:00.040
890,01:34:21,6,00:01:42,18,2,,,00:00:36,00:00:35,00:00:30,01:33:16,01:33:51,01:34:21,249.0,289.0,165.0,292.0,HARD,5.0,True,01:32:39,Williams,LAT,1,True,2021-09-26 12:33:41.412
891,01:36:03,6,00:01:41,19,2,,,00:00:36,00:00:35,00:00:30,01:34:57,01:35:33,01:36:03,250.0,291.0,165.0,299.0,HARD,6.0,True,01:34:21,Williams,LAT,1,True,2021-09-26 12:35:23.535
892,01:37:44,6,00:01:41,20,2,,,00:00:36,00:00:35,00:00:30,01:36:39,01:37:14,01:37:44,251.0,290.0,165.0,,HARD,7.0,True,01:36:03,Williams,LAT,1,True,2021-09-26 12:37:05.371
893,01:39:26,6,00:01:41,21,2,,,00:00:36,00:00:34,00:00:30,01:38:21,01:38:56,01:39:26,250.0,290.0,166.0,298.0,HARD,8.0,True,01:37:44,Williams,LAT,1,True,2021-09-26 12:38:46.863
894,01:41:07,6,00:01:41,22,2,,,00:00:36,00:00:35,00:00:30,01:40:02,01:40:37,01:41:07,252.0,290.0,163.0,293.0,HARD,9.0,True,01:39:26,Williams,LAT,1,True,2021-09-26 12:40:28.302
895,01:42:49,6,00:01:42,23,2,,,00:00:36,00:00:35,00:00:30,01:41:44,01:42:19,01:42:49,247.0,290.0,165.0,297.0,HARD,10.0,True,01:41:07,Williams,LAT,1,True,2021-09-26 12:42:09.679
896,01:44:31,6,00:01:41,24,2,,,00:00:36,00:00:35,00:00:30,01:43:26,01:44:01,01:44:31,249.0,290.0,160.0,294.0,HARD,11.0,True,01:42:49,Williams,LAT,1,True,2021-09-26 12:43:51.699
897,01:46:13,6,00:01:41,25,2,,,00:00:36,00:00:35,00:00:30,01:45:07,01:45:43,01:46:13,251.0,289.0,164.0,298.0,HARD,12.0,True,01:44:31,Williams,LAT,1,True,2021-09-26 12:45:33.519
898,01:47:54,6,00:01:40,26,2,,,00:00:35,00:00:34,00:00:29,01:46:49,01:47:24,01:47:54,249.0,292.0,163.0,297.0,HARD,13.0,True,01:46:13,Williams,LAT,1,True,2021-09-26 12:47:15.163
899,01:49:35,6,00:01:41,27,2,,,00:00:36,00:00:34,00:00:30,01:48:30,01:49:05,01:49:35,252.0,292.0,160.0,298.0,HARD,14.0,True,01:47:54,Williams,LAT,1,True,2021-09-26 12:48:56.028
900,01:51:15,6,00:01:40,28,2,,,00:00:36,00:00:34,00:00:29,01:50:11,01:50:45,01:51:15,250.0,293.0,164.0,302.0,HARD,15.0,True,01:49:35,Williams,LAT,1,True,2021-09-26 12:50:37.072
901,01:52:56,6,00:01:40,29,2,,,00:00:35,00:00:34,00:00:30,01:51:51,01:52:26,01:52:56,255.0,293.0,165.0,299.0,HARD,16.0,True,01:51:15,Williams,LAT,1,True,2021-09-26 12:52:17.751
902,01:54:37,6,00:01:40,30,2,,,00:00:36,00:00:34,00:00:29,01:53:32,01:54:07,01:54:37,252.0,292.0,163.0,301.0,HARD,17.0,True,01:52:56,Williams,LAT,1,True,2021-09-26 12:53:58.560
903,01:56:18,6,00:01:40,31,2,,,00:00:36,00:00:34,00:00:29,01:55:13,01:55:48,01:56:18,254.0,292.0,166.0,300.0,HARD,18.0,True,01:54:37,Williams,LAT,1,True,2021-09-26 12:55:39.401
904,01:57:59,6,00:01:40,32,2,,,00:00:36,00:00:34,00:00:29,01:56:54,01:57:29,01:57:59,250.0,291.0,166.0,,HARD,19.0,True,01:56:18,Williams,LAT,1,True,2021-09-26 12:57:20.309
905,01:59:39,6,00:01:40,33,2,,,00:00:36,00:00:34,00:00:29,01:58:35,01:59:09,01:59:39,,292.0,167.0,293.0,HARD,20.0,True,01:57:59,Williams,LAT,1,True,2021-09-26 12:59:00.894
906,02:01:20,6,00:01:40,34,2,,,00:00:35,00:00:34,00:00:29,02:00:15,02:00:50,02:01:20,253.0,289.0,163.0,295.0,HARD,21.0,True,01:59:39,Williams,LAT,1,True,2021-09-26 13:00:41.714
907,02:03:00,6,00:01:40,35,2,,,00:00:35,00:00:34,00:00:29,02:01:56,02:02:30,02:03:00,254.0,290.0,165.0,,HARD,22.0,True,02:01:20,Williams,LAT,1,True,2021-09-26 13:02:22.238
908,02:04:41,6,00:01:40,36,2,,,00:00:36,00:00:34,00:00:29,02:03:36,02:04:11,02:04:41,253.0,289.0,161.0,296.0,HARD,23.0,True,02:03:00,Williams,LAT,1,True,2021-09-26 13:04:02.701
909,02:06:21,6,00:01:40,37,2,,,00:00:35,00:00:34,00:00:29,02:05:17,02:05:51,02:06:21,255.0,292.0,165.0,295.0,HARD,24.0,True,02:04:41,Williams,LAT,1,True,2021-09-26 13:05:43.329
910,02:08:01,6,00:01:40,38,2,,,00:00:35,00:00:34,00:00:29,02:06:57,02:07:32,02:08:01,254.0,291.0,161.0,,HARD,25.0,True,02:06:21,Williams,LAT,1,True,2021-09-26 13:07:23.622
911,02:09:42,6,00:01:40,39,2,,,00:00:36,00:00:34,00:00:29,02:08:37,02:09:12,02:09:42,256.0,291.0,165.0,,HARD,26.0,True,02:08:01,Williams,LAT,1,True,2021-09-26 13:09:03.743
912,02:11:22,6,00:01:40,40,2,,,00:00:35,00:00:34,00:00:29,02:10:18,02:10:52,02:11:22,258.0,293.0,165.0,,HARD,27.0,True,02:09:42,Williams,LAT,1,True,2021-09-26 13:10:44.083
913,02:13:02,6,00:01:40,41,2,,,00:00:35,00:00:34,00:00:29,02:11:58,02:12:33,02:13:02,256.0,292.0,165.0,,HARD,28.0,True,02:11:22,Williams,LAT,1,True,2021-09-26 13:12:24.319
914,02:14:42,6,,42,2,,,00:00:35,00:00:34,00:00:29,02:13:38,02:14:13,02:14:42,251.0,293.0,162.0,,HARD,29.0,True,02:13:02,Williams,LAT,1,True,2021-09-26 13:14:04.762
915,02:16:22,6,00:01:40,43,2,,,00:00:35,00:00:34,00:00:29,02:15:18,02:15:53,02:16:22,257.0,294.0,163.0,296.0,HARD,30.0,True,02:14:42,Williams,LAT,1,True,2021-09-26 13:15:44.762
916,02:18:03,6,00:01:40,44,2,,,00:00:35,00:00:34,00:00:29,02:16:58,02:17:33,02:18:03,254.0,291.0,164.0,298.0,HARD,31.0,True,02:16:22,Williams,LAT,1,True,2021-09-26 13:17:24.879
917,02:19:44,6,00:01:40,45,2,,,00:00:35,00:00:35,00:00:29,02:18:39,02:19:14,02:19:44,253.0,294.0,163.0,295.0,HARD,32.0,True,02:18:03,Williams,LAT,1,True,2021-09-26 13:19:05.293
918,02:21:25,6,00:01:41,46,2,,,00:00:35,00:00:35,00:00:29,02:20:20,02:20:56,02:21:25,244.0,294.0,165.0,,HARD,33.0,True,02:19:44,Williams,LAT,1,True,2021-09-26 13:20:46.083
919,02:23:43,6,00:02:17,47,2,,02:23:35,00:00:36,00:01:00,00:00:40,02:22:02,02:23:03,02:23:43,228.0,238.0,,294.0,HARD,34.0,True,02:21:25,Williams,LAT,2,False,2021-09-26 13:22:27.725
920,01:04:34,16,,1,1,00:24:58,,,00:00:38,00:00:32,,01:04:02,01:04:34,204.0,298.0,155.0,244.0,HARD,1.0,True,01:02:41,Ferrari,LEC,1,False,2021-09-26 12:03:43.826
921,01:06:20,16,00:01:45,2,1,,,00:00:37,00:00:36,00:00:31,01:05:12,01:05:48,01:06:20,236.0,299.0,159.0,293.0,HARD,2.0,True,01:04:34,Ferrari,LEC,2,True,2021-09-26 12:05:36.711
922,01:08:03,16,00:01:43,3,1,,,00:00:36,00:00:35,00:00:30,01:06:56,01:07:32,01:08:03,245.0,316.0,160.0,297.0,HARD,3.0,True,01:06:20,Ferrari,LEC,1,True,2021-09-26 12:07:21.899
923,01:09:45,16,00:01:42,4,1,,,00:00:36,00:00:35,00:00:30,01:08:39,01:09:14,01:09:45,244.0,323.0,152.0,315.0,HARD,4.0,True,01:08:03,Ferrari,LEC,1,True,2021-09-26 12:09:04.902
924,01:11:28,16,00:01:43,5,1,,,00:00:36,00:00:35,00:00:31,01:10:21,01:10:56,01:11:28,242.0,327.0,150.0,317.0,HARD,5.0,True,01:09:45,Ferrari,LEC,1,True,2021-09-26 12:10:46.983
925,01:13:11,16,00:01:43,6,1,,,00:00:36,00:00:35,00:00:30,01:12:04,01:12:40,01:13:11,,321.0,154.0,320.0,HARD,6.0,True,01:11:28,Ferrari,LEC,1,True,2021-09-26 12:12:30.019
926,01:14:53,16,00:01:42,7,1,,,00:00:36,00:00:35,00:00:30,01:13:47,01:14:22,01:14:53,248.0,321.0,157.0,316.0,HARD,7.0,True,01:13:11,Ferrari,LEC,1,True,2021-09-26 12:14:13.166
927,01:16:35,16,00:01:42,8,1,,,00:00:36,00:00:35,00:00:30,01:15:29,01:16:04,01:16:35,246.0,324.0,153.0,309.0,HARD,8.0,True,01:14:53,Ferrari,LEC,1,True,2021-09-26 12:15:55.255
928,01:18:18,16,00:01:42,9,1,,,00:00:36,00:00:35,00:00:30,01:17:12,01:17:47,01:18:18,247.0,322.0,159.0,316.0,HARD,9.0,True,01:16:35,Ferrari,LEC,1,True,2021-09-26 12:17:37.588
929,01:20:02,16,00:01:44,10,1,,,00:00:36,00:00:37,00:00:30,01:18:54,01:19:32,01:20:02,253.0,322.0,151.0,335.0,HARD,10.0,True,01:18:18,Ferrari,LEC,1,True,2021-09-26 12:19:20.149
930,01:21:44,16,00:01:41,11,1,,,00:00:36,00:00:35,00:00:30,01:20:39,01:21:14,01:21:44,240.0,316.0,158.0,301.0,HARD,11.0,True,01:20:02,Ferrari,LEC,1,True,2021-09-26 12:21:04.786
931,01:23:26,16,00:01:42,12,1,,,00:00:36,00:00:35,00:00:30,01:22:20,01:22:56,01:23:26,242.0,323.0,156.0,315.0,HARD,12.0,True,01:21:44,Ferrari,LEC,1,True,2021-09-26 12:22:46.691
932,01:25:09,16,00:01:42,13,1,,,00:00:36,00:00:35,00:00:30,01:24:03,01:24:38,01:25:09,245.0,320.0,154.0,310.0,HARD,13.0,True,01:23:26,Ferrari,LEC,1,True,2021-09-26 12:24:28.877
933,01:26:50,16,00:01:40,14,1,,,00:00:35,00:00:35,00:00:29,01:25:45,01:26:20,01:26:50,250.0,297.0,151.0,327.0,HARD,14.0,True,01:25:09,Ferrari,LEC,1,True,2021-09-26 12:26:11.282
934,01:28:32,16,00:01:41,15,1,,,00:00:36,00:00:35,00:00:30,01:27:26,01:28:01,01:28:32,247.0,322.0,157.0,317.0,HARD,15.0,True,01:26:50,Ferrari,LEC,1,True,2021-09-26 12:27:52.275
935,01:30:13,16,00:01:41,16,1,,,00:00:35,00:00:35,00:00:29,01:29:07,01:29:43,01:30:13,,297.0,159.0,310.0,HARD,16.0,True,01:28:32,Ferrari,LEC,1,True,2021-09-26 12:29:33.982
936,01:31:54,16,00:01:40,17,1,,,00:00:36,00:00:35,00:00:29,01:30:49,01:31:24,01:31:54,254.0,290.0,158.0,297.0,HARD,17.0,True,01:30:13,Ferrari,LEC,1,True,2021-09-26 12:31:15.134
937,01:33:34,16,00:01:40,18,1,,,00:00:35,00:00:35,00:00:29,01:32:30,01:33:05,01:33:34,259.0,294.0,156.0,300.0,HARD,18.0,True,01:31:54,Ferrari,LEC,1,True,2021-09-26 12:32:56.001
938,01:35:15,16,00:01:40,19,1,,,00:00:35,00:00:35,00:00:29,01:34:10,01:34:46,01:35:15,261.0,295.0,159.0,299.0,HARD,19.0,True,01:33:34,Ferrari,LEC,1,True,2021-09-26 12:34:36.588
939,01:36:56,16,00:01:40,20,1,,,00:00:35,00:00:35,00:00:29,01:35:51,01:36:26,01:36:56,260.0,296.0,159.0,,HARD,20.0,True,01:35:15,Ferrari,LEC,1,True,2021-09-26 12:36:17.540
940,01:38:36,16,00:01:40,21,1,,,00:00:35,00:00:35,00:00:29,01:37:31,01:38:07,01:38:36,,299.0,157.0,303.0,HARD,21.0,True,01:36:56,Ferrari,LEC,1,True,2021-09-26 12:37:58.105
941,01:40:17,16,00:01:40,22,1,,,00:00:35,00:00:35,00:00:29,01:39:12,01:39:47,01:40:17,259.0,302.0,154.0,304.0,HARD,22.0,True,01:38:36,Ferrari,LEC,1,True,2021-09-26 12:39:38.744
942,01:41:58,16,00:01:41,23,1,,,00:00:35,00:00:35,00:00:30,01:40:53,01:41:28,01:41:58,252.0,325.0,151.0,331.0,HARD,23.0,True,01:40:17,Ferrari,LEC,1,True,2021-09-26 12:41:19.511
943,01:43:40,16,00:01:41,24,1,,,00:00:35,00:00:35,00:00:29,01:42:34,01:43:10,01:43:40,258.0,297.0,155.0,324.0,HARD,24.0,True,01:41:58,Ferrari,LEC,1,True,2021-09-26 12:43:00.535
944,01:45:20,16,00:01:40,25,1,,,00:00:36,00:00:35,00:00:29,01:44:16,01:44:51,01:45:20,256.0,297.0,154.0,299.0,HARD,25.0,True,01:43:40,Ferrari,LEC,1,True,2021-09-26 12:44:41.948
945,01:47:01,16,00:01:40,26,1,,,00:00:35,00:00:35,00:00:29,01:45:56,01:46:32,01:47:01,251.0,298.0,157.0,323.0,HARD,26.0,True,01:45:20,Ferrari,LEC,1,True,2021-09-26 12:46:22.837
946,01:48:42,16,00:01:40,27,1,,,00:00:35,00:00:34,00:00:29,01:47:37,01:48:12,01:48:42,261.0,293.0,157.0,297.0,HARD,27.0,True,01:47:01,Ferrari,LEC,1,True,2021-09-26 12:48:03.710
947,01:50:22,16,00:01:40,28,1,,,00:00:35,00:00:35,00:00:29,01:49:18,01:49:53,01:50:22,,295.0,150.0,299.0,HARD,28.0,True,01:48:42,Ferrari,LEC,1,True,2021-09-26 12:49:44.121
948,01:52:02,16,00:01:40,29,1,,,00:00:35,00:00:34,00:00:29,01:50:58,01:51:33,01:52:02,263.0,295.0,154.0,300.0,HARD,29.0,True,01:50:22,Ferrari,LEC,1,True,2021-09-26 12:51:24.457
949,01:53:43,16,00:01:40,30,1,,,00:00:35,00:00:34,00:00:29,01:52:38,01:53:13,01:53:43,262.0,294.0,160.0,298.0,HARD,30.0,True,01:52:02,Ferrari,LEC,1,True,2021-09-26 12:53:04.721
950,01:55:23,16,00:01:40,31,1,,,00:00:35,00:00:35,00:00:29,01:54:18,01:54:54,01:55:23,,293.0,155.0,297.0,HARD,31.0,True,01:53:43,Ferrari,LEC,1,True,2021-09-26 12:54:44.944
951,01:57:04,16,00:01:40,32,1,,,00:00:35,00:00:35,00:00:29,01:55:59,01:56:34,01:57:04,261.0,293.0,156.0,298.0,HARD,32.0,True,01:55:23,Ferrari,LEC,1,True,2021-09-26 12:56:25.386
952,01:58:44,16,00:01:40,33,1,,,00:00:36,00:00:35,00:00:29,01:57:40,01:58:15,01:58:44,262.0,292.0,162.0,297.0,HARD,33.0,True,01:57:04,Ferrari,LEC,1,True,2021-09-26 12:58:05.968
953,02:00:26,16,00:01:42,34,1,,,00:00:36,00:00:35,00:00:29,01:59:21,01:59:57,02:00:26,254.0,296.0,140.0,301.0,HARD,34.0,True,01:58:44,Ferrari,LEC,1,True,2021-09-26 12:59:46.532
954,02:02:13,16,00:01:46,35,1,,02:02:05,00:00:36,00:00:35,00:00:35,02:01:03,02:01:38,02:02:13,261.0,293.0,,298.0,HARD,35.0,True,02:00:26,Ferrari,LEC,1,False,2021-09-26 13:01:28.849
955,02:04:16,16,00:02:03,36,2,02:02:37,,00:00:58,00:00:34,00:00:30,02:03:12,02:03:46,02:04:16,254.0,323.0,164.0,288.0,MEDIUM,1.0,True,02:02:13,Ferrari,LEC,1,False,2021-09-26 13:03:15.475
956,02:05:57,16,00:01:40,37,2,,,00:00:35,00:00:34,00:00:30,02:04:52,02:05:26,02:05:57,247.0,326.0,163.0,321.0,MEDIUM,2.0,True,02:04:16,Ferrari,LEC,1,True,2021-09-26 13:05:18.543
957,02:07:38,16,00:01:40,38,2,,,00:00:35,00:00:34,00:00:30,02:06:33,02:07:07,02:07:38,248.0,324.0,163.0,320.0,MEDIUM,3.0,True,02:05:57,Ferrari,LEC,1,True,2021-09-26 13:06:59.406
958,02:09:18,16,00:01:39,39,2,,,00:00:35,00:00:34,00:00:29,02:08:13,02:08:48,02:09:18,257.0,316.0,163.0,326.0,MEDIUM,4.0,True,02:07:38,Ferrari,LEC,1,True,2021-09-26 13:08:40.102
959,02:10:57,16,00:01:39,40,2,,,00:00:35,00:00:34,00:00:29,02:09:53,02:10:27,02:10:57,,319.0,160.0,316.0,MEDIUM,5.0,True,02:09:18,Ferrari,LEC,1,True,2021-09-26 13:10:19.996
960,02:12:36,16,00:01:39,41,2,,,00:00:35,00:00:34,00:00:30,02:11:32,02:12:06,02:12:36,263.0,317.0,159.0,297.0,MEDIUM,6.0,True,02:10:57,Ferrari,LEC,1,True,2021-09-26 13:11:59.154
961,02:14:16,16,00:01:39,42,2,,,00:00:35,00:00:34,00:00:28,02:13:12,02:13:47,02:14:16,253.0,290.0,163.0,327.0,MEDIUM,7.0,True,02:12:36,Ferrari,LEC,1,True,2021-09-26 13:13:38.818
962,02:15:55,16,00:01:39,43,2,,,00:00:35,00:00:34,00:00:29,02:14:51,02:15:26,02:15:55,262.0,293.0,164.0,294.0,MEDIUM,8.0,True,02:14:16,Ferrari,LEC,1,True,2021-09-26 13:15:18.030
963,02:17:34,16,00:01:39,44,2,,,00:00:35,00:00:34,00:00:28,02:16:30,02:17:05,02:17:34,257.0,319.0,164.0,302.0,MEDIUM,9.0,True,02:15:55,Ferrari,LEC,1,True,2021-09-26 13:16:57.106
964,02:19:13,16,00:01:38,45,2,,,00:00:35,00:00:34,00:00:28,02:18:09,02:18:44,02:19:13,259.0,291.0,162.0,294.0,MEDIUM,10.0,True,02:17:34,Ferrari,LEC,1,True,2021-09-26 13:18:36.140
965,02:20:52,16,00:01:39,46,2,,,00:00:35,00:00:35,00:00:28,02:19:48,02:20:23,02:20:52,258.0,294.0,163.0,300.0,MEDIUM,11.0,True,02:19:13,Ferrari,LEC,1,True,2021-09-26 13:20:15.134
966,02:22:37,16,00:01:44,47,2,,,00:00:36,00:00:38,00:00:29,02:21:29,02:22:08,02:22:37,217.0,296.0,159.0,297.0,MEDIUM,12.0,True,02:20:52,Ferrari,LEC,2,True,2021-09-26 13:21:54.715
967,02:24:34,16,00:01:56,48,2,,,00:00:38,00:00:44,00:00:33,02:23:16,02:24:00,02:24:34,204.0,292.0,164.0,259.0,MEDIUM,13.0,True,02:22:37,Ferrari,LEC,2,True,2021-09-26 13:23:39.553
968,02:26:24,16,00:01:50,49,2,,,00:00:37,00:00:41,00:00:31,02:25:11,02:25:52,02:26:24,212.0,298.0,158.0,290.0,MEDIUM,14.0,True,02:24:34,Ferrari,LEC,1,True,2021-09-26 13:25:36.059
969,02:28:40,16,00:02:15,50,2,,,00:00:41,00:00:51,00:00:41,02:27:06,02:27:58,02:28:40,164.0,230.0,118.0,252.0,MEDIUM,15.0,True,02:26:24,Ferrari,LEC,2,True,2021-09-26 13:27:26.544
970,02:31:59,16,,51,2,,02:31:49,00:00:52,00:01:28,00:00:57,02:29:33,02:31:02,02:31:59,151.0,158.0,,220.0,MEDIUM,16.0,True,02:28:40,Ferrari,LEC,2,False,2021-09-26 13:29:42.239
971,02:34:20,16,00:02:21,52,3,02:32:22,,00:01:04,00:00:41,00:00:34,02:33:04,02:33:45,02:34:20,161.0,299.0,122.0,245.0,INTERMEDIATE,1.0,True,02:31:59,Ferrari,LEC,1,False,2021-09-26 13:33:01.556
972,01:04:37,33,,1,1,00:23:48,,,00:00:38,00:00:32,,01:04:04,01:04:37,216.0,309.0,161.0,212.0,HARD,1.0,True,01:02:41,Red Bull,VER,1,False,2021-09-26 12:03:43.826
973,01:06:22,33,00:01:45,2,1,,,00:00:37,00:00:36,00:00:31,01:05:14,01:05:51,01:06:22,217.0,314.0,157.0,285.0,HARD,2.0,True,01:04:37,Red Bull,VER,2,True,2021-09-26 12:05:38.976
974,01:08:06,33,00:01:43,3,1,,,00:00:36,00:00:35,00:00:31,01:06:59,01:07:34,01:08:06,238.0,320.0,155.0,304.0,HARD,3.0,True,01:06:22,Red Bull,VER,1,True,2021-09-26 12:07:24.366
975,01:09:48,33,00:01:41,4,1,,,00:00:36,00:00:35,00:00:30,01:08:42,01:09:18,01:09:48,240.0,314.0,158.0,300.0,HARD,4.0,True,01:08:06,Red Bull,VER,1,True,2021-09-26 12:09:08.330
976,01:11:30,33,00:01:42,5,1,,,00:00:36,00:00:35,00:00:30,01:10:24,01:10:59,01:11:30,242.0,322.0,157.0,309.0,HARD,5.0,True,01:09:48,Red Bull,VER,1,True,2021-09-26 12:10:50.144
977,01:13:12,33,00:01:42,6,1,,,00:00:36,00:00:35,00:00:30,01:12:06,01:12:41,01:13:12,238.0,339.0,157.0,306.0,HARD,6.0,True,01:11:30,Red Bull,VER,1,True,2021-09-26 12:12:32.224
978,01:14:55,33,00:01:42,7,1,,,00:00:35,00:00:35,00:00:31,01:13:48,01:14:24,01:14:55,240.0,323.0,158.0,307.0,HARD,7.0,True,01:13:12,Red Bull,VER,1,True,2021-09-26 12:14:14.745
979,01:16:36,33,00:01:41,8,1,,,00:00:36,00:00:35,00:00:30,01:15:31,01:16:06,01:16:36,245.0,320.0,161.0,310.0,HARD,8.0,True,01:14:55,Red Bull,VER,1,True,2021-09-26 12:15:57.129
980,01:18:18,33,00:01:41,9,1,,,00:00:35,00:00:35,00:00:30,01:17:12,01:17:48,01:18:18,246.0,323.0,153.0,298.0,HARD,9.0,True,01:16:36,Red Bull,VER,1,True,2021-09-26 12:17:38.832
981,01:20:01,33,00:01:43,10,1,,,00:00:36,00:00:36,00:00:30,01:18:54,01:19:31,01:20:01,233.0,313.0,156.0,316.0,HARD,10.0,True,01:18:18,Red Bull,VER,1,True,2021-09-26 12:19:20.784
982,01:21:43,33,00:01:42,11,1,,,00:00:36,00:00:35,00:00:30,01:20:38,01:21:13,01:21:43,247.0,299.0,159.0,301.0,HARD,11.0,True,01:20:01,Red Bull,VER,1,True,2021-09-26 12:21:03.836
983,01:23:26,33,00:01:42,12,1,,,00:00:36,00:00:35,00:00:30,01:22:20,01:22:55,01:23:26,245.0,316.0,158.0,304.0,HARD,12.0,True,01:21:43,Red Bull,VER,1,True,2021-09-26 12:22:45.884
984,01:25:07,33,00:01:41,13,1,,,00:00:36,00:00:35,00:00:30,01:24:02,01:24:37,01:25:07,244.0,322.0,161.0,306.0,HARD,13.0,True,01:23:26,Red Bull,VER,1,True,2021-09-26 12:24:28.184
985,01:26:49,33,00:01:41,14,1,,,00:00:35,00:00:35,00:00:30,01:25:43,01:26:18,01:26:49,250.0,316.0,155.0,301.0,HARD,14.0,True,01:25:07,Red Bull,VER,1,True,2021-09-26 12:26:09.732
986,01:28:31,33,00:01:41,15,1,,,00:00:36,00:00:35,00:00:30,01:27:25,01:28:00,01:28:31,245.0,313.0,163.0,298.0,HARD,15.0,True,01:26:49,Red Bull,VER,1,True,2021-09-26 12:27:51.408
987,01:30:11,33,00:01:40,16,1,,,00:00:35,00:00:34,00:00:29,01:29:07,01:29:42,01:30:11,252.0,293.0,162.0,,HARD,16.0,True,01:28:31,Red Bull,VER,1,True,2021-09-26 12:29:33.153
988,01:31:51,33,00:01:40,17,1,,,00:00:35,00:00:34,00:00:29,01:30:47,01:31:22,01:31:51,251.0,295.0,159.0,295.0,HARD,17.0,True,01:30:11,Red Bull,VER,1,True,2021-09-26 12:31:13.448
989,01:33:32,33,00:01:40,18,1,,,00:00:35,00:00:34,00:00:29,01:32:27,01:33:02,01:33:32,250.0,296.0,156.0,298.0,HARD,18.0,True,01:31:51,Red Bull,VER,1,True,2021-09-26 12:32:53.720
990,01:35:12,33,00:01:40,19,1,,,00:00:35,00:00:34,00:00:29,01:34:07,01:34:42,01:35:12,,302.0,159.0,304.0,HARD,19.0,True,01:33:32,Red Bull,VER,1,True,2021-09-26 12:34:33.898
991,01:36:53,33,00:01:41,20,1,,,00:00:35,00:00:34,00:00:30,01:35:48,01:36:23,01:36:53,247.0,317.0,156.0,305.0,HARD,20.0,True,01:35:12,Red Bull,VER,1,True,2021-09-26 12:36:14.500
992,01:38:35,33,00:01:41,21,1,,,00:00:35,00:00:34,00:00:30,01:37:29,01:38:04,01:38:35,250.0,320.0,158.0,304.0,HARD,21.0,True,01:36:53,Red Bull,VER,1,True,2021-09-26 12:37:55.886
993,01:40:16,33,00:01:41,22,1,,,00:00:35,00:00:34,00:00:30,01:39:10,01:39:45,01:40:16,240.0,323.0,159.0,305.0,HARD,22.0,True,01:38:35,Red Bull,VER,1,True,2021-09-26 12:39:36.981
994,01:41:57,33,00:01:41,23,1,,,00:00:35,00:00:34,00:00:30,01:40:52,01:41:27,01:41:57,247.0,323.0,155.0,315.0,HARD,23.0,True,01:40:16,Red Bull,VER,1,True,2021-09-26 12:41:18.536
995,01:43:38,33,00:01:41,24,1,,,00:00:35,00:00:35,00:00:30,01:42:33,01:43:08,01:43:38,251.0,298.0,159.0,301.0,HARD,24.0,True,01:41:57,Red Bull,VER,1,True,2021-09-26 12:42:59.648
996,01:45:20,33,00:01:41,25,1,,,00:00:35,00:00:35,00:00:30,01:44:14,01:44:50,01:45:20,248.0,295.0,157.0,300.0,HARD,25.0,True,01:43:38,Red Bull,VER,1,True,2021-09-26 12:44:40.887
997,01:47:05,33,00:01:45,26,1,,01:46:57,00:00:35,00:00:34,00:00:34,01:45:56,01:46:30,01:47:05,250.0,300.0,,,HARD,26.0,True,01:45:20,Red Bull,VER,1,False,2021-09-26 12:46:21.931
998,01:49:05,33,00:01:59,27,2,01:47:26,,00:00:55,00:00:34,00:00:29,01:48:01,01:48:35,01:49:05,252.0,304.0,168.0,302.0,MEDIUM,,True,01:47:05,Red Bull,VER,1,False,2021-09-26 12:48:07.324
999,01:50:43,33,00:01:38,28,2,,,00:00:34,00:00:34,00:00:29,01:49:40,01:50:14,01:50:43,249.0,300.0,169.0,318.0,MEDIUM,,True,01:49:05,Red Bull,VER,1,True,2021-09-26 12:50:07.096
1000,01:52:22,33,00:01:38,29,2,,,00:00:35,00:00:34,00:00:29,01:51:18,01:51:53,01:52:22,250.0,301.0,166.0,300.0,MEDIUM,,True,01:50:43,Red Bull,VER,1,True,2021-09-26 12:51:45.492
1001,01:54:02,33,00:01:39,30,2,,,00:00:35,00:00:34,00:00:29,01:52:57,01:53:32,01:54:02,249.0,312.0,161.0,,MEDIUM,,True,01:52:22,Red Bull,VER,1,True,2021-09-26 12:53:24.402
1002,01:55:43,33,00:01:41,31,2,,,00:00:35,00:00:34,00:00:30,01:54:37,01:55:12,01:55:43,245.0,325.0,159.0,299.0,MEDIUM,,True,01:54:02,Red Bull,VER,1,True,2021-09-26 12:55:04.078
1003,01:57:23,33,00:01:39,32,2,,,00:00:35,00:00:34,00:00:30,01:56:18,01:56:52,01:57:23,251.0,325.0,160.0,315.0,MEDIUM,,True,01:55:43,Red Bull,VER,1,True,2021-09-26 12:56:45.229
1004,01:59:04,33,00:01:41,33,2,,,00:00:35,00:00:35,00:00:30,01:57:59,01:58:34,01:59:04,240.0,323.0,163.0,288.0,MEDIUM,,True,01:57:23,Red Bull,VER,1,True,2021-09-26 12:58:25.207
1005,02:00:45,33,00:01:40,34,2,,,,00:00:34,00:00:30,,02:00:15,02:00:45,242.0,316.0,161.0,302.0,MEDIUM,,True,01:59:04,Red Bull,VER,1,False,2021-09-26 13:00:06.857
1006,02:02:25,33,00:01:39,35,2,,,00:00:35,00:00:34,00:00:29,02:01:21,02:01:55,02:02:25,247.0,302.0,162.0,298.0,MEDIUM,,True,02:00:45,Red Bull,VER,1,True,2021-09-26 13:01:47.385
1007,02:04:05,33,00:01:40,36,2,,,00:00:35,00:00:34,00:00:29,02:03:01,02:03:36,02:04:05,245.0,299.0,163.0,296.0,MEDIUM,,True,02:02:25,Red Bull,VER,1,True,2021-09-26 13:03:27.362
1008,02:05:46,33,00:01:40,37,2,,,00:00:36,00:00:34,00:00:30,02:04:41,02:05:16,02:05:46,242.0,319.0,160.0,293.0,MEDIUM,,True,02:04:05,Red Bull,VER,1,True,2021-09-26 13:05:07.682
1009,02:07:28,33,00:01:42,38,2,,,00:00:36,00:00:35,00:00:30,02:06:23,02:06:58,02:07:28,248.0,319.0,162.0,303.0,MEDIUM,,True,02:05:46,Red Bull,VER,1,True,2021-09-26 13:06:48.654
1010,02:09:09,33,00:01:40,39,2,,,00:00:35,00:00:35,00:00:30,02:08:04,02:08:39,02:09:09,251.0,304.0,159.0,299.0,MEDIUM,,True,02:07:28,Red Bull,VER,1,True,2021-09-26 13:08:30.658
1011,02:10:50,33,00:01:40,40,2,,,00:00:35,00:00:34,00:00:30,02:09:45,02:10:20,02:10:50,,315.0,159.0,301.0,MEDIUM,,True,02:09:09,Red Bull,VER,1,True,2021-09-26 13:10:11.637
1012,02:12:30,33,00:01:40,41,2,,,00:00:35,00:00:34,00:00:29,02:11:25,02:12:00,02:12:30,249.0,298.0,157.0,294.0,MEDIUM,,True,02:10:50,Red Bull,VER,1,True,2021-09-26 13:11:52.081
1013,02:14:09,33,00:01:39,42,2,,,00:00:35,00:00:34,00:00:29,02:13:05,02:13:40,02:14:09,,299.0,161.0,302.0,MEDIUM,,True,02:12:30,Red Bull,VER,1,True,2021-09-26 13:13:32.318
1014,02:15:49,33,00:01:39,43,2,,,00:00:35,00:00:34,00:00:29,02:14:45,02:15:19,02:15:49,247.0,301.0,161.0,300.0,MEDIUM,,True,02:14:09,Red Bull,VER,1,True,2021-09-26 13:15:11.674
1015,02:17:28,33,00:01:39,44,2,,,00:00:35,00:00:34,00:00:29,02:16:24,02:16:59,02:17:28,253.0,302.0,163.0,,MEDIUM,,True,02:15:49,Red Bull,VER,1,True,2021-09-26 13:16:51.316
1016,02:19:08,33,00:01:39,45,2,,,00:00:35,00:00:34,00:00:29,02:18:04,02:18:39,02:19:08,248.0,298.0,162.0,298.0,MEDIUM,,True,02:17:28,Red Bull,VER,1,True,2021-09-26 13:18:30.616
1017,02:20:49,33,00:01:40,46,2,,,00:00:35,00:00:35,00:00:29,02:19:44,02:20:19,02:20:49,250.0,299.0,162.0,296.0,MEDIUM,,True,02:19:08,Red Bull,VER,1,True,2021-09-26 13:20:10.422
1018,02:22:35,33,00:01:46,47,2,,,00:00:36,00:00:40,00:00:29,02:21:25,02:22:06,02:22:35,196.0,298.0,162.0,294.0,MEDIUM,,True,02:20:49,Red Bull,VER,2,True,2021-09-26 13:21:50.919
1019,02:24:39,33,00:02:03,48,2,,02:24:30,00:00:39,00:00:44,00:00:39,02:23:15,02:23:59,02:24:39,209.0,303.0,,247.0,MEDIUM,,True,02:22:35,Red Bull,VER,2,False,2021-09-26 13:23:37.851
1020,02:26:46,33,00:02:07,49,3,02:25:01,,00:00:57,00:00:37,00:00:32,02:25:36,02:26:14,02:26:46,222.0,301.0,158.0,288.0,INTERMEDIATE,1.0,True,02:24:39,Red Bull,VER,1,False,2021-09-26 13:25:40.931
1021,02:28:39,33,00:01:52,50,3,,,00:00:38,00:00:39,00:00:34,02:27:25,02:28:04,02:28:39,199.0,301.0,144.0,283.0,INTERMEDIATE,2.0,True,02:26:46,Red Bull,VER,2,True,2021-09-26 13:27:48.581
1022,02:30:32,33,00:01:52,51,3,,,00:00:39,00:00:39,00:00:33,02:29:18,02:29:58,02:30:32,212.0,296.0,152.0,267.0,INTERMEDIATE,3.0,True,02:28:39,Red Bull,VER,2,True,2021-09-26 13:29:41.127
1023,02:32:24,33,00:01:51,52,3,,,00:00:38,00:00:39,00:00:33,02:31:11,02:31:50,02:32:24,194.0,305.0,147.0,266.0,INTERMEDIATE,4.0,True,02:30:32,Red Bull,VER,1,True,2021-09-26 13:31:34.119
1024,02:34:16,33,00:01:52,53,3,,,00:00:39,00:00:39,00:00:33,02:33:03,02:33:42,02:34:16,201.0,305.0,134.0,269.0,INTERMEDIATE,5.0,True,02:32:24,Red Bull,VER,1,True,2021-09-26 13:33:25.989
